0.794
0.8
0.807
0.807
0.808
0.808
0.813
0.826
0.83
0.831
0.842
0.847
0.854
0.855
0.859
0.86
0.862
0.863
0.864
0.874
0.882
0.883
0.886
0.907
0.914
0.915
0.944
1.049
1.942
1.942
1.942
1.938
1.932
1.932
1.931
1.932
1.933
1.935
1.935
1.938
1.944
1.956
1.973
1.993
2.018
2.064
2.064
2.064
2.064
2.048
2.042
2.035
2.03
2.028
2.025
2.01
2.007
2.005
2.004
1.998
1.989
1.982
1.978
1.972
1.963
1.96
1.951
1.95
1.948
1.941
1.932
1.927
1.925
1.912
1.841
1.325
1.08
1.065
1.065
1.04
1.04
1.04
1.04
0.315
0.268
0.264
0.256
0.256
0.253
0.25
0.253
0.26
0.26
0.26
0.26
0.257
0.256
0.255
0.256
0.254
0.254
0.254
0.257
0.257
0.264
0.266
0.269
0.269
0.275
0.286
0.292
0.293
0.3
0.302
0.312
0.323
0.323
0.323
0.331
0.332
0.337
0.341
0.351
0.351
0.352
0.358
0.363
0.372
0.373
0.376
0.379
0.386
0.402
0.402
0.413
0.418
0.426
0.432
0.439
0.451
0.452
0.469
0.483
0.487
0.492
0.5
0.512
0.534
0.549
0.566
0.579
0.586
0.606
0.626
0.649
0.674
0.691
0.713
0.728
0.748
0.782
0.797
0.802
0.802
0.802
0.801
0.796
0.796
0.796
0.796
0.796
0.796
0.795
0.794
0.795
0.796
0.795
0.794
0.791
0.791
0.791
0.797
0.801
0.801
0.801
0.796
0.793
0.793
0.793
0.793
0.791
0.791
0.79
0.789
0.79
0.79
0.79
0.792
0.794
0.794
0.794
0.794
0.794
0.799
0.801
0.801
0.802
0.803
0.802
0.803
0.802
0.8
0.8
0.803
0.803
0.803
0.803
0.803
0.801
0.801
0.801
0.803
0.806
0.806
0.806
0.806
0.806
0.806
0.81
0.813
0.813
0.813
0.808
0.808
0.808
0.805
0.808
0.811
0.811
0.811
0.813
0.817
0.817
0.82
0.822
0.822
0.822
0.822
0.822
0.822
0.822
0.819
0.819
0.822
0.822
0.828
0.83
0.835
0.835
0.835
0.829
0.777
0.652
0.606
0.576
0.576
0.575
0.573
0.573
0.562
0.558
0.558
0.562
0.565
0.565
0.567
0.567
0.559
0.557
0.557
0.557
0.554
0.557
0.558
0.558
0.558
0.559
0.559
0.557
0.559
0.557
0.557
0.56
0.56
0.56
0.56
0.561
0.562
0.569
0.569
0.575
0.577
0.578
0.58
0.584
0.636
0.721
0.874
0.896
0.901
0.912
0.915
0.921
0.928
0.922
0.922
0.928
0.93
0.93
0.93
0.937
0.945
0.945
0.95
0.952
0.952
0.952
0.952
0.952
0.943
0.922
0.87
0.87
0.87
0.872
0.873
0.897
0.97
0.983
0.992
0.993
0.996
0.996
1.003
1.003
1.003
0.988
0.986
0.98
0.979
0.976
0.976
0.967
0.966
0.958
0.952
0.944
0.944
0.941
0.934
0.93
0.924
0.924
0.924
0.921
0.916
0.909
0.904
0.895
0.89
0.889
0.888
0.888
0.883
0.877
0.871
0.865
0.864
0.86
0.858
0.858
0.858
0.844
0.844
0.842
0.842
0.843
0.843
0.842
0.833
0.823
0.819
0.819
0.818
0.818
0.816
0.811
0.809
0.804
0.803
0.801
0.801
0.797
0.795
0.793
0.791
0.79
0.787
0.786
0.778
0.774
0.772
0.77
0.77
0.77
0.77
0.767
0.767
0.76
0.76
0.756
0.756
0.754
0.752
0.752
0.75
0.75
0.749
0.746
0.741
0.739
0.736
0.73
0.73
0.728
0.728
0.728
0.728
0.726
0.719
0.719
0.718
0.716
0.713
0.713
0.713
0.713
0.706
0.706
0.704
0.704
0.701
0.701
0.701
0.701
0.701
0.7
0.694
0.694
0.694
0.693
0.692
0.692
0.692
0.689
0.689
0.689
0.687
0.682
0.682
0.681
0.681
0.681
0.68
0.68
0.675
0.674
0.669
0.669
0.669
0.67
0.67
0.67
0.67
0.668
0.665
0.664
0.658
0.658
0.658
0.658
0.661
0.661
0.658
0.658
0.659
0.655
0.655
0.659
0.653
0.648
0.653
0.656
0.653
0.646
0.642
0.642
0.642
0.645
0.645
0.645
0.65
0.645
0.643
0.643
0.641
0.641
0.64
0.641
0.646
0.648
0.648
0.648
0.646
0.646
0.641
0.636
0.636
0.636
0.64
0.642
0.642
0.644
0.644
0.642
0.641
0.635
0.635
0.635
0.637
0.638
0.639
0.639
0.637
0.636
0.634
0.632
0.632
0.632
0.63
0.63
0.631
0.631
0.636
0.638
0.638
0.638
0.636
0.636
0.636
0.636
0.637
0.642
0.642
0.642
0.642
0.642
0.641
0.641
0.641
0.641
0.641
0.641
0.639
0.641
0.645
0.645
0.646
0.647
0.647
0.647
0.647
0.643
0.643
0.646
0.646
0.646
0.646
0.646
0.646
0.646
0.653
0.653
0.656
0.656
0.656
0.657
0.659
0.663
0.666
0.668
0.666
0.666
0.664
0.662
0.662
0.662
0.664
0.667
0.669
0.676
0.676
0.675
0.669
0.672
0.672
0.672
0.672
0.675
0.675
0.675
0.675
0.676
0.676
0.682
0.685
0.679
0.681
0.685
0.685
0.687
0.687
0.687
0.687
0.673
0.67
0.66
0.65
0.643
0.639
0.631
0.629
0.627
0.615
0.6
0.596
0.596
0.588
0.584
0.581
0.577
0.565
0.563
0.561
0.558
0.544
0.544
0.54
0.536
0.533
0.52
0.512
0.508
0.507
0.505
0.503
0.5
0.5
0.49
0.489
0.488
0.483
0.483
0.478
0.476
0.472
0.464
0.462
0.461
0.46
0.452
0.452
0.449
0.449
0.445
0.443
0.438
0.434
0.433
0.43
0.429
0.429
0.426
0.426
0.42
0.418
0.418
0.418
0.416
0.408
0.408
0.402
0.402
0.397
0.395
0.389
0.389
0.389
0.388
0.383
0.383
0.383
0.374
0.374
0.371
0.373
0.367
0.367
0.367
0.364
0.362
0.364
0.362
0.361
0.354
0.349
0.343
0.343
0.343
0.347
0.35
0.35
0.347
0.344
0.342
0.342
0.342
0.342
0.333
0.331
0.33
0.325
0.325
0.325
0.325
0.325
0.324
0.323
0.323
0.324
0.323
0.318
0.318
0.318
0.317
0.317
0.316
0.31
0.308
0.308
0.309
0.308
0.308
0.304
0.303
0.303
0.299
0.301
0.3
0.304
0.304
0.296
0.294
0.293
0.292
0.292
0.291
0.291
0.291
0.291
0.291
0.291
0.291
0.29
0.289
0.286
0.286
0.286
0.286
0.286
0.283
0.281
0.28
0.281
0.279
0.278
0.278
0.28
0.277
0.278
0.28
0.28
0.278
0.278
0.284
0.278
0.278
0.278
0.278
0.275
0.275
0.274
0.271
0.274
0.271
0.271
0.271
0.27
0.268
0.268
0.268
0.268
0.269
0.27
0.269
0.268
0.268
0.268
0.268
0.268
0.268
0.269
0.27
0.271
0.272
0.272
0.272
0.271
0.269
0.266
0.265
0.262
0.262
0.262
0.262
0.263
0.265
0.265
0.265
0.265
0.262
0.262
0.262
0.262
0.262
0.262
0.257
0.257
0.257
0.257
0.255
0.255
0.257
0.262
0.262
0.262
0.26
0.256
0.256
0.254
0.254
0.256
0.255
0.255
0.26
0.26
0.257
0.258
0.257
0.252
0.252
0.253
0.251
0.253
0.253
0.254
0.254
0.256
0.254
0.254
0.256
0.254
0.254
0.256
0.256
0.256
0.256
0.251
0.251
0.251
0.251
0.253
0.253
0.253
0.253
0.25
0.25
0.252
0.252
0.252
0.252
0.252
0.251
0.251
0.251
0.252
0.252
0.252
0.252
0.252
0.254
0.254
0.255
0.255
0.255
0.256
0.256
0.257
0.257
0.259
0.259
0.257
0.262
0.262
0.26
0.26
0.26
0.259
0.259
0.26
0.26
0.26
0.261
0.262
0.261
0.262
0.264
0.264
0.268
0.268
0.265
0.257
0.258
0.254
0.254
0.256
0.256
0.256
0.257
0.257
0.258
0.261
0.261
0.261
0.259
0.261
0.261
0.261
0.261
0.266
0.261
0.266
0.27
0.266
0.264
0.266
0.269
0.265
0.266
0.266
0.266
0.265
0.263
0.263
0.266
0.267
0.267
0.273
0.272
0.272
0.272
0.272
0.272
0.266
0.264
0.264
0.268
0.268
0.268
0.27
0.27
0.265
0.265
0.273
0.266
0.273
0.275
0.275
0.275
0.275
0.276
0.276
0.276
0.274
0.275
0.274
0.273
0.274
0.275
0.275
0.282
0.282
0.282
0.282
0.284
0.286
0.289
0.289
0.292
0.292
0.292
0.291
0.291
0.291
0.293
0.293
0.293
0.294
0.294
0.302
0.302
0.302
0.301
0.298
0.298
0.298
0.302
0.305
0.309
0.31
0.31
0.31
0.31
0.309
0.305
0.305
0.309
0.308
0.308
0.311
0.31
0.31
0.311
0.311
0.311
0.32
0.32
0.32
0.32
0.324
0.324
0.326
0.331
0.332
0.331
0.332
0.334
0.334
0.327
0.325