0.802
0.804
0.816
0.816
0.82
0.82
0.82
0.832
0.834
0.836
0.84
0.84
0.848
0.85
0.85
0.855
0.863
0.868
0.869
0.877
0.878
0.884
0.893
0.9
0.901
0.912
0.939
1.043
1.94
1.94
1.94
1.938
1.934
1.934
1.934
1.932
1.932
1.936
1.936
1.944
1.947
1.952
1.954
1.975
2.011
2.054
2.065
2.065
2.055
2.054
2.052
2.042
2.04
2.039
2.023
2.017
2.01
2.002
2.002
1.988
1.987
1.976
1.973
1.973
1.971
1.967
1.957
1.954
1.943
1.932
1.932
1.927
1.907
1.905
1.849
1.313
1.099
1.051
1.051
0.987
0.987
0.987
0.987
0.291
0.271
0.255
0.255
0.259
0.259
0.258
0.258
0.258
0.254
0.254
0.256
0.257
0.257
0.257
0.257
0.259
0.261
0.261
0.264
0.266
0.27
0.271
0.279
0.281
0.282
0.286
0.291
0.303
0.304
0.31
0.318
0.318
0.327
0.327
0.327
0.332
0.339
0.351
0.353
0.356
0.365
0.365
0.367
0.372
0.375
0.375
0.382
0.384
0.397
0.405
0.406
0.422
0.425
0.433
0.442
0.443
0.454
0.473
0.484
0.49
0.504
0.508
0.517
0.536
0.542
0.567
0.573
0.575
0.596
0.626
0.645
0.668
0.688
0.714
0.734
0.737
0.774
0.795
0.798
0.799
0.799
0.799
0.802
0.802
0.799
0.799
0.797
0.797
0.797
0.797
0.8
0.8
0.801
0.8
0.8
0.794
0.792
0.792
0.794
0.794
0.792
0.792
0.788
0.788
0.788
0.788
0.789
0.79
0.789
0.789
0.792
0.799
0.798
0.798
0.799
0.798
0.792
0.791
0.791
0.791
0.794
0.794
0.798
0.798
0.799
0.804
0.804
0.804
0.8
0.792
0.792
0.792
0.797
0.8
0.801
0.802
0.806
0.806
0.806
0.806
0.809
0.805
0.805
0.805
0.812
0.805
0.805
0.805
0.803
0.803
0.803
0.807
0.812
0.813
0.814
0.817
0.817
0.814
0.817
0.82
0.814
0.82
0.821
0.822
0.826
0.828
0.828
0.828
0.832
0.832
0.828
0.832
0.832
0.831
0.832
0.833
0.833
0.833
0.833
0.84
0.837
0.839
0.839
0.839
0.839
0.84
0.841
0.844
0.845
0.849
0.852
0.855
0.852
0.855
0.855
0.855
0.856
0.859
0.86
0.864
0.865
0.865
0.865
0.867
0.867
0.867
0.867
0.867
0.871
0.871
0.871
0.873
0.883
0.883
0.89
0.891
0.892
0.892
0.892
0.894
0.894
0.897
0.904
0.906
0.909
0.91
0.914
0.914
0.914
0.914
0.918
0.921
0.921
0.925
0.928
0.941
0.942
0.944
0.944
0.944
0.945
0.945
0.947
0.949
0.949
0.947
0.917
0.871
0.87
0.869
0.869
0.869
0.893
0.97
0.985
0.988
0.99
0.995
1.001
1.001
1.001
1.001
0.996
0.995
0.986
0.975
0.972
0.967
0.967
0.865
0.636
0.574
0.557
0.554
0.548
0.549
0.548
0.548
0.548
0.544
0.542
0.538
0.538
0.532
0.532
0.533
0.532
0.532
0.532
0.532
0.526
0.526
0.526
0.526
0.526
0.526
0.526
0.526
0.526
0.531
0.541
0.541
0.541
0.538
0.537
0.533
0.533
0.533
0.537
0.54
0.543
0.549
0.555
0.555
0.557
0.593
0.703
0.794
0.794
0.794
0.792
0.79
0.786
0.784
0.784
0.781
0.781
0.776
0.769
0.769
0.767
0.767
0.758
0.758
0.758
0.76
0.76
0.76
0.751
0.748
0.747
0.747
0.747
0.747
0.747
0.739
0.737
0.731
0.737
0.737
0.737
0.734
0.734
0.723
0.723
0.723
0.724
0.724
0.724
0.722
0.718
0.71
0.71
0.705
0.708
0.705
0.708
0.705
0.705
0.704
0.696
0.694
0.694
0.693
0.694
0.699
0.699
0.693
0.694
0.692
0.692
0.691
0.691
0.685
0.676
0.674
0.674
0.674
0.674
0.674
0.674
0.674
0.674
0.679
0.679
0.677
0.676
0.676
0.67
0.666
0.665
0.665
0.666
0.662
0.662
0.66
0.66
0.657
0.657
0.657
0.658
0.657
0.656
0.658
0.656
0.655
0.652
0.651
0.651
0.647
0.651
0.647
0.651
0.651
0.651
0.649
0.649
0.648
0.648
0.644
0.644
0.644
0.644
0.646
0.647
0.647
0.646
0.646
0.646
0.646
0.649
0.649
0.649
0.645
0.645
0.641
0.641
0.634
0.641
0.641
0.634
0.644
0.644
0.644
0.636
0.643
0.643
0.643
0.641
0.641
0.632
0.632
0.632
0.632
0.636
0.636
0.636
0.64
0.64
0.636
0.636
0.635
0.635
0.635
0.63
0.63
0.631
0.631
0.633
0.641
0.642
0.642
0.641
0.637
0.637
0.637
0.638
0.639
0.639
0.641
0.645
0.645
0.645
0.645
0.643
0.642
0.642
0.642
0.648
0.648
0.648
0.648
0.642
0.642
0.642
0.65
0.65
0.653
0.653
0.657
0.657
0.657
0.658
0.66
0.658
0.657
0.665
0.661
0.661
0.669
0.669
0.663
0.663
0.663
0.663
0.665
0.671
0.671
0.678
0.678
0.675
0.675
0.675
0.675
0.675
0.678
0.681
0.681
0.683
0.686
0.686
0.687
0.692
0.689
0.689
0.689
0.689
0.689
0.687
0.684
0.674
0.673
0.661
0.643
0.641
0.635
0.631
0.623
0.617
0.608
0.602
0.597
0.594
0.586
0.575
0.574
0.568
0.561
0.559
0.557
0.554
0.547
0.545
0.537
0.537
0.53
0.529
0.527
0.516
0.511
0.507
0.502
0.502
0.502
0.497
0.491
0.487
0.479
0.479
0.478
0.474
0.473
0.472
0.471
0.469
0.464
0.459
0.452
0.448
0.447
0.447
0.447
0.44
0.44
0.44
0.436
0.433
0.426
0.423
0.421
0.416
0.414
0.414
0.413
0.409
0.409
0.401
0.398
0.401
0.398
0.394
0.39
0.388
0.388
0.388
0.387
0.385
0.384
0.374
0.374
0.374
0.374
0.371
0.37
0.367
0.365
0.365
0.363
0.361
0.357
0.355
0.355
0.355
0.355
0.348
0.347
0.346
0.346
0.347
0.346
0.346
0.339
0.338
0.335
0.338
0.333
0.332
0.332
0.327
0.327
0.327
0.327
0.326
0.322
0.322
0.322
0.321
0.322
0.322
0.321
0.314
0.314
0.31
0.309
0.309
0.307
0.31
0.307
0.307
0.305
0.305
0.305
0.305
0.305
0.302
0.3
0.297
0.297
0.297
0.297
0.289
0.29
0.29
0.29
0.292
0.292
0.292
0.29
0.29
0.289
0.289
0.289
0.289
0.284
0.284
0.281
0.284
0.284
0.284
0.281
0.281
0.281
0.281
0.279
0.275
0.275
0.275
0.275
0.275
0.276
0.279
0.28
0.28
0.28
0.276
0.276
0.274
0.276
0.271
0.275
0.275
0.275
0.271
0.273
0.269
0.269
0.267
0.267
0.264
0.264
0.267
0.268
0.268
0.268
0.267
0.266
0.264
0.264
0.264
0.264
0.262
0.267
0.262
0.262
0.262
0.262
0.262
0.263
0.263
0.263
0.263
0.262
0.26
0.257
0.26
0.26
0.26
0.265
0.265
0.265
0.265
0.264
0.263
0.263
0.257
0.259
0.257
0.255
0.254
0.255
0.255
0.254
0.256
0.256
0.254
0.254
0.257
0.262
0.262
0.262
0.261
0.261
0.261
0.261
0.261
0.264
0.264
0.255
0.255
0.254
0.254
0.258
0.258
0.254
0.258
0.248
0.248
0.248
0.254
0.254
0.254
0.255
0.255
0.256
0.256
0.253
0.253
0.253
0.253
0.253
0.25
0.253
0.256
0.256
0.258
0.258
0.258
0.258
0.261
0.26
0.254
0.257
0.26
0.257
0.255
0.257
0.255
0.255
0.254
0.257
0.259
0.259
0.259
0.259
0.252
0.252
0.252
0.252
0.249
0.249
0.249
0.25
0.25
0.25
0.251
0.252
0.259
0.259
0.259
0.259
0.26
0.257
0.257
0.26
0.26
0.26
0.26
0.26
0.263
0.263
0.261
0.256
0.256
0.256
0.256
0.259
0.26
0.26
0.26
0.26
0.258
0.255
0.255
0.255
0.259
0.259
0.265
0.263
0.265
0.263
0.263
0.263
0.265
0.265
0.265
0.265
0.265
0.265
0.265
0.265
0.266
0.266
0.266
0.266
0.266
0.266
0.266
0.266
0.268
0.269
0.269
0.269
0.269
0.27
0.269
0.272
0.274
0.275
0.276
0.277
0.277
0.278
0.277
0.277
0.277
0.278
0.277
0.278
0.284
0.28
0.28
0.282
0.283
0.282
0.283
0.282
0.283
0.282
0.283
0.283
0.286
0.286
0.287
0.288
0.291
0.288
0.288
0.291
0.293
0.288
0.293
0.293
0.291
0.291
0.291
0.291
0.295
0.295
0.295
0.305
0.304
0.304
0.304
0.305
0.305
0.309
0.311
0.311
0.312
0.311
0.311
0.311
0.313
0.311
0.309
0.309
0.309
0.309
0.318
0.318
0.318
0.311
0.311
0.311
0.32
0.324
0.324
0.326
0.326
0.329
0.329
0.332
0.332
0.332
0.326
0.316