0.291
0.291
0.291
0.291
0.29
0.29
0.291
0.292
0.293
0.293
0.293
0.29
0.29
0.29
0.29
0.292
0.292
0.293
0.283
0.288
0.285
0.288
0.286
0.286
0.286
0.286
0.286
0.286
0.286
0.286
0.275
0.275
0.275
0.279
0.281
0.281
0.281
0.281
0.281
0.281
0.281
0.28
0.281
0.281
0.277
0.277
0.281
0.277
0.277
0.282
0.285
0.285
0.285
0.285
0.283
0.281
0.28
0.28
0.279
0.28
0.28
0.282
0.282
0.282
0.282
0.285
0.286
0.285
0.285
0.284
0.283
0.283
0.283
0.281
0.281
0.283
0.284
0.281
0.284
0.284
0.284
0.291
0.293
0.291
0.291
0.293
0.293
0.292
0.293
0.292
0.292
0.301
0.304
0.304
0.304
0.298
0.297
0.296
0.296
0.295
0.295
0.295
0.295
0.295
0.296
0.3
0.301
0.301
0.306
0.308
0.31
0.31
0.31
0.31
0.31
0.311
0.314
0.314
0.315
0.314
0.316
0.313
0.313
0.31
0.313
0.313
0.312
0.321
0.321
0.324
0.326
0.327
0.327
0.328
0.328
0.332
0.332
0.334
0.341
0.341
0.335
0.342
0.343
0.343
0.345
0.346
0.349
0.359
0.36
0.36
0.363
0.363
0.369
0.37
0.369
0.37
0.372
0.372
0.378
0.378
0.378
0.368
0.364
0.364
0.361
0.364
0.361
0.364
0.364
0.364
0.367
0.367
0.359
0.359
0.359
0.359
0.359
0.359
0.359
0.363
0.363
2.476
2.492
2.504
2.512
2.514
2.514
2.516
2.526
2.529
2.529
2.526
1.042
1.037
1.026
1.026
1.019
1.025
1.019
1.006
1.006
1.025
2.78
2.783
2.783
2.783
2.783
2.783
2.8
2.815
2.823
2.905
2.937
2.949
2.965
2.983
3.032
3.07
3.079
3.097
3.118
3.121
3.143
3.156
3.165
3.184
3.21
3.211
3.211
3.211
3.152
3.092
3.058
3.026
2.983
2.953
2.947
2.947
2.945
2.944
2.941
2.945
2.945
2.941
2.941
1.14
1.137
1.137
1.14
1.147
1.153
1.157
1.166
1.167
1.17
1.169
1.17
1.175
1.185
1.188
1.188
1.185
1.138
1.124
1.116
1.116
1.116
1.121
1.121
1.121
1.12
1.119
1.116
1.116
1.119
1.119
1.149
1.245
1.245
1.245
1.228
1.209
1.199
1.179
1.167
1.167
1.167
1.164
1.161
1.161
1.161
1.161
1.161
1.161
1.161
1.163
1.171
1.173
1.173
1.179
1.179
1.18
1.182
1.18
1.188
1.19
1.193
1.193
1.195
1.198
1.201
1.203
1.203
1.209
1.216
1.218
1.221
1.229
1.229
1.229
1.189
1.036
0.977
0.957
0.95
0.94
0.936
0.931
0.926
0.923
0.919
0.917
0.909
0.908
0.908
0.905
0.905
0.906
0.906
0.897
0.9
0.9
0.896
0.9
0.9
0.895
0.893
0.893
0.887
0.887
0.893
0.885
0.885
0.886
0.888
0.888
0.891
0.891
0.891
0.891
0.89
0.887
0.887
0.887
0.887
0.887
0.888
0.887
0.888
0.888
0.886
0.886
0.895
0.896
0.898
0.899
0.903
0.906
0.908
0.91
0.911
0.912
0.921
0.926
0.926
0.926
0.943
0.943
0.944
0.948
0.949
0.954
0.964
0.968
0.968
0.979
0.989
0.99
1.033
1.125
1.233
1.254
1.275
1.275
1.28
1.534
1.534
1.534
1.418
1.304
1.283
1.282
1.238
1.238
1.238
1.244
1.244
1.244
1.192
1.187
1.081
1.08
1.047
1.028
1.012
1.011
1.007
0.999
0.989
0.989
0.985
0.982
0.98
0.968
0.966
0.961
0.96
0.96
0.962
0.959
0.959
0.959
0.955
0.952
0.952
0.952
0.956
0.957
0.962
0.962
0.968
0.968
0.96
0.96
0.963
0.963
0.965
0.969
0.971
0.971
0.971
0.971
0.971
0.978
0.979
0.985
0.985
0.987
0.993
1
1.022
1.026
1.088
1.329
1.495
1.711
1.992
2.048
2.049
2.049
2.049
2.045
2.032
2.028
2.028
2.027
2.023
2.012
2.011
2.01
2.009
2.004
1.999
1.999
1.999
1.999
1.996
1.996
1.866
1.866
1.866
1.866
1.856
0.283
0.283
0.282
0.27
0.27
0.27
0.277
0.279
0.286
0.282
0.287
0.287
0.282
0.28
0.276
0.276
0.278
0.28
0.278
0.278
0.284
0.277
0.276
0.277
0.277
0.275
0.275
0.274
0.274
0.274
0.274
0.274
0.276
0.276
0.278
0.278
0.278
0.278
0.277
0.277
0.277
0.277
0.279
0.279
0.279
0.276
0.276
0.276
0.276
0.28
0.28
0.278
0.278
0.278
0.276
0.276
0.276
0.275
0.273
0.273
0.273
0.273
0.278
0.278
0.281
0.283
0.278
0.276
0.276
0.276
0.276
0.276
0.276
0.28
0.287
0.288
0.288
0.288
0.287
0.283
0.282
0.28
0.28
0.279
0.28
0.282
0.284
0.288
0.29
0.29
0.293
0.293
0.29
0.283
0.283
0.283
0.279
0.279
0.279
0.29
0.291
0.295
0.292
0.297
0.299
0.299
0.293
0.299
0.299
4.29
4.29
4.29
3.225
3.193
3.172
3.15
3.148
3.137
3.137
3.137
3.124
3.12
3.12
3.12
3.122
3.122
3.123
3.149
3.162
3.233
3.358
3.478
3.478
3.478
3.448
3.437
3.402
3.333
3.327
3.24
3.181
3.175
3.153
3.105
3.085
3.064
3.064
3.059
3.059
3.069
3.073
3.069
3.088
3.088
3.049
1.555
1.511
1.488
1.455
1.445
1.445
1.445
1.452
1.467
1.482
1.495
1.495
1.495
1.363
1.331
1.33
1.327
1.327
1.327
1.464
1.798
1.798
1.798
1.708
1.528
1.444
1.407
1.397
1.396
1.371
1.358
1.353
1.353
1.353
1.353
1.355
1.385
1.654
2.007
2.203
2.228
2.247
2.288
2.351
2.445
2.445
2.445
2.434
2.422
2.393
2.39
2.377
2.355
2.338
2.338
2.335
2.315
2.315
1.909
1.569
1.501
1.497
1.494
1.494
1.485
1.48
1.48
1.479
1.479
1.48
1.481
1.495
1.495
1.495
1.482
1.482
1.473
1.482
1.482
1.477
1.476
1.477
1.476
1.476
1.475
1.475
1.471
1.471
1.466
1.466
1.471
1.48
1.48
1.48
1.482
1.482
1.482
1.482
1.482
1.482
1.445
1.401
1.391
1.375
1.368
1.362
1.352
1.345
1.295
1.179
1.04
0.976
0.956
0.943
0.943
0.943
0.948
0.949
1.018
1.096
1.107
1.107
1.107
1.125
1.125
1.125
1.105
1.101
1.101
1.098
1.094
1.092
1.078
1.072
1.072
1.072
1.072
1.076
1.076
1.07
1.07
1.065
1.063
1.062
1.056
1.054
1.054
1.052
1.054
1.054
1.059
1.06
1.066
1.073
1.08
1.169
1.254
1.269
1.295
1.317
1.327
1.333
1.333
1.329
1.331
1.329
1.329
1.329
1.331
1.327
1.337
1.329
1.339
1.344
1.344
1.344
1.346
1.348
1.348
1.355
1.355
1.352
1.353
1.353
1.353
1.366
1.409
1.457
1.473
1.49
1.495
3.127
3.127
3.127
3.127
3.124
3.115
3.11
3.109
3.107
3.106
3.085
3.085
3.086
3.079
3.079
3.076
3.075
3.072
3.072
3.071
3.071
3.068
3.062
3.062
3.062
3.06
3.06
3.055
3.053
3.052
3.053
3.047
3.047
3.042
3.036
3.025
3.025
3.025
3.029
3.03
3.03
3.03
3.025
3.024
3.022
3.022
3.022
3.02
3.018
3.018
3.019
3.018
3.018
3.015
3.015
3.015
3.015
3.015
3.017
3.017
3.017
3.02
3.02
3.02
3.02
3.015
3.015
3.015
3.015
3.015
3.015
3.016
3.018
3.018
3.022
3.023
3.024
3.027
3.024
3.024
3.015
3.011
2.992
2.95
2.95
2.95
2.954
2.954
2.955
2.955
2.961
2.963
2.963
2.963
2.965
2.967
2.969
2.977
2.977
2.978
3.029
3.037
3.047
3.051
3.053
3.053
3.052
3.051
3.051
3.051
3.05
2.906
1.818
1.792
1.751
1.715
1.696
1.679
1.629
1.439
0.495
0.474
0.459
0.451
0.448
0.442
0.437
0.435
0.425
0.428
0.423
0.418
0.41
0.41
0.409
0.409
0.409
0.409
0.408
0.407
0.408
0.407
0.404
0.407
0.406
0.399
0.399
0.399
0.397
0.397
0.397
0.396
0.397
0.397
0.396
0.396
0.397
0.395
0.399
0.399
0.399
0.4
0.401
0.407
0.407
0.407
0.407
0.409
0.409
0.411
0.413
0.415
0.415
0.413
0.404
0.398
0.39
0.382
0.38
0.376
0.371
0.366
0.362
0.354
0.35
0.347
0.33
0.325
0.278
0.265
0.252
0.248
0.248
0.247
0.244
0.239
0.235
0.235
0.235
0.231
0.228
0.223
0.215
0.212
0.21
0.21
0.209
0.209
0.206
0.206
0.198
0.198
0.198
0.199
0.203
0.203
0.203
0.204
0.203
0.203
0.2
0.197
0.197
0.197
0.209
0.215
0.228
0.296
0.345
0.346
0.346
