0.266
0.271
0.273
0.277
0.279
0.279
0.277
0.279
0.281
0.289
0.289
0.289
0.289
0.286
0.286
0.288
0.295
0.295
0.299
0.304
0.304
0.304
0.298
0.298
0.298
0.308
0.308
0.313
0.314
0.315
0.317
0.32
0.324
0.325
0.325
0.326
0.326
0.331
0.333
0.334
0.338
0.34
0.341
0.344
0.349
0.351
0.356
0.356
0.359
0.362
0.367
0.367
0.374
0.379
0.379
0.385
0.386
0.389
0.392
0.392
0.401
0.404
0.409
0.417
0.417
0.417
0.417
0.417
0.417
0.417
0.417
0.416
0.416
0.409
0.408
0.407
0.407
0.403
0.403
0.403
0.403
0.403
0.403
0.402
0.399
0.399
0.399
0.399
0.396
0.395
0.394
0.394
0.396
0.394
0.403
0.403
0.397
0.395
0.397
0.395
0.397
0.395
0.392
0.392
0.392
0.392
0.392
0.392
0.392
0.392
0.39
0.39
0.39
0.39
0.39
0.39
0.389
0.386
0.389
0.389
0.389
0.385
0.39
0.386
0.386
0.386
0.386
0.386
0.383
0.383
0.388
0.388
0.388
0.388
0.384
0.381
0.381
0.384
0.381
0.379
0.382
0.379
0.379
0.382
0.385
0.385
0.385
0.385
0.383
0.382
0.382
0.382
0.383
0.384
0.385
0.384
0.384
0.384
0.384
0.384
0.386
0.386
0.386
0.386
0.383
0.383
0.383
0.383
0.382
0.382
0.382
0.379
0.379
0.384
0.386
0.392
0.392
0.392
0.392
0.388
0.388
0.387
0.389
0.385
0.387
0.385
0.385
0.383
0.382
0.382
0.382
0.387
0.387
0.387
0.383
0.383
0.383
0.384
0.387
0.39
0.39
0.389
0.389
0.382
0.382
0.389
0.393
0.395
0.395
0.399
0.395
0.393
0.393
0.393
0.39
0.39
0.39
0.39
0.39
0.394
0.394
0.399
0.399
0.399
0.391
0.391
0.391
0.4
0.398
0.4
0.402
0.406
0.402
0.406
0.406
0.404
0.404
0.404
0.398
0.398
0.404
0.401
0.404
0.412
0.412
0.412
0.412
0.412
0.412
0.413
0.414
0.414
0.414
0.414
0.416
0.418
0.419
0.424
0.424
0.424
0.424
0.424
0.424
0.424
0.424
0.429
0.429
0.421
0.421
0.425
0.425
0.43
0.43
0.43
0.43
0.43
0.43
0.435
0.435
0.434
0.435
0.438
0.438
0.438
0.438
0.438
0.442
0.442
0.443
0.448
0.448
0.452
0.453
0.456
0.457
0.458
0.459
0.464
0.463
0.464
0.464
0.463
0.463
0.465
0.468
0.481
0.482
0.482
0.482
0.475
0.475
0.473
0.475
0.482
0.485
0.486
0.486
0.485
0.485
0.486
0.49
0.503
0.503
0.505
0.503
0.503
0.512
0.52
0.521
0.524
0.524
0.524
0.521
0.521
0.52
0.515
0.514
0.511
0.501
0.498
0.498
0.496
0.496
0.496
0.496
0.488
0.481
0.48
0.476
0.476
0.47
0.469
0.468
0.462
0.461
0.46
0.458
0.458
0.46
0.454
0.46
0.46
0.455
0.454
0.455
0.453
0.452
0.448
0.448
0.446
0.439
0.438
0.438
0.439
0.439
0.434
0.434
0.433
0.432
0.432
0.432
0.43
0.426
0.425
0.42
0.418
0.418
0.415
0.415
0.415
0.412
0.411
0.412
0.411
0.41
0.41
0.41
0.41
0.403
0.403
0.402
0.398
0.402
0.402
0.404
0.404
0.404
0.392
0.392
0.392
0.392
0.392
0.387
0.387
0.386
0.38
0.378
0.378
0.38
0.382
0.382
0.387
0.382
0.382
0.379
0.382
0.379
0.38
0.379
0.379
0.379
0.379
0.376
0.376
0.374
0.371
0.365
0.365
0.365
0.367
0.367
0.367
0.361
0.36
0.36
0.361
0.361
0.361
0.361
0.361
0.361
0.361
0.361
0.361
0.361
0.361
0.362
0.356
0.356
0.356
0.356
0.354
0.356
0.348
0.348
0.348
0.346
0.346
0.346
0.35
0.346
0.341
0.346
0.346
0.341
0.346
0.347
0.347
0.353
0.353
0.353
0.353
0.347
0.345
0.345
0.345
0.345
0.344
0.339
0.339
0.338
0.338
0.342
0.342
0.342
0.345
0.345
0.345
0.345
0.342
0.341
0.341
0.337
0.34
0.335
0.335
0.332
0.332
0.332
0.339
0.339
0.339
0.33
0.33
0.33
0.337
0.337
0.337
0.337
0.334
0.334
0.334
0.334
0.333
0.333
0.333
0.333
0.333
0.334
0.339
0.339
0.339
0.339
0.339
0.338
0.342
0.343
0.344
0.344
0.344
0.34
0.336
0.336
0.34
0.342
0.342
0.342
0.335
0.335
0.335
0.335
0.335
0.335
0.336
0.336
0.336
0.336
0.339
0.342
0.342
0.342
0.342
0.338
0.338
0.338
0.338
0.337
0.335
0.334
0.334
0.335
0.342
0.347
0.347
0.348
0.347
0.347
0.346
0.346
0.345
0.345
0.345
0.343
0.343
0.345
0.347
0.345
0.347
0.349
0.347
0.349
0.349
0.349
0.354
0.355
0.356
0.355
0.355
0.355
0.356
0.356
0.363
0.363
0.363
0.351
0.351
0.351
0.353
0.363
0.364
0.363
0.363
0.359
0.359
0.357
0.359
0.363
0.365
0.367
0.369
0.367
0.367
0.367
0.368
0.368
0.375
0.377
0.375
0.378
0.378
0.379
0.379
0.38
0.38
0.379
0.38
0.379
0.379
0.379
0.383
0.383
0.383
0.383
0.383
0.383
0.383
0.386
0.386
0.391
0.391
0.391
0.391
0.39
0.39
0.393
0.393
0.394
0.407
0.407
0.408
0.408
0.408
0.408
0.408
0.408
0.41
0.411
0.411
0.411
0.411
0.415
0.415
0.415
0.418
0.429
0.423
0.423
0.429
0.431
0.434
0.434
0.435
0.435
0.435
0.432
0.431
0.431
0.431
0.438
0.442
0.445
0.445
0.445
0.45
0.445
0.45
0.454
0.457
0.46
0.46
0.463
0.467
0.467
0.467
0.47
0.472
0.473
0.473
0.476
0.484
0.488
0.489
0.488
0.488
0.488
0.486
0.478
0.477
0.475
0.475
0.473
0.47
0.47
0.47
0.466
0.464
0.463
0.462
0.462
0.461
0.46
0.46
0.458
0.458
0.458
0.453
0.45
0.445
0.445
0.445
0.444
0.443
0.443
0.439
0.439
0.439
0.442
0.442
0.442
0.442
0.432
0.428
0.428
0.428
0.426
0.426
0.425
0.426
0.425
0.42
0.417
0.42
0.417
0.414
0.411
0.411
0.41
0.411
0.411
0.411
0.41
0.406
0.406
0.406
0.406
0.406
0.4
0.4
0.4
0.4
0.399
0.398
0.398
0.398
0.394
0.394
0.394
0.396
0.394
0.396
0.396
0.394
0.394
0.395
0.393
0.393
0.389
0.387
0.387
0.389
0.387
0.387
0.383
0.379
0.379
0.381
0.381
0.386
0.386
0.386
0.379
0.379
0.379
0.383
0.383
0.384
0.383
0.383
0.38
0.378
0.378
0.375
0.374
0.374
0.374
0.374
0.374
0.377
0.377
0.377
0.369
0.375
0.372
0.371
0.371
0.371
0.363
0.36
0.36
0.361
0.363
0.368
0.368
0.368
0.366
0.366
0.366
0.366
0.369
0.369
0.369
0.367
0.367
0.365
0.367
0.369
0.369
0.369
0.369
0.364
0.364
0.364
0.364
0.364
0.365
0.367
0.365
0.365
0.367
0.365
0.363
0.362
0.365
0.361
0.361
0.361
0.365
0.361
0.361
0.365
0.361
0.36
0.36
0.359
0.359
0.367
0.369
0.367
0.367
0.366
0.365
0.363
0.365
0.365
0.359
0.362
0.367
0.362
0.36
0.362
0.364
0.364
0.368
0.368
0.368
0.365
0.365
0.364
0.364
0.366
0.366
0.365
0.368
0.365
0.365
0.365
0.37
0.365
0.368
0.368
0.373
0.368
0.371
0.371
0.371
0.371
0.372
0.373
0.373
0.373
0.374
0.37
0.37
0.371
0.371
0.371
0.375
0.375
0.375
0.375
0.375
0.373
0.375
0.375
0.374
0.378
0.378
0.378
0.378
0.378
0.378
0.38
0.381
0.382
0.384
0.384
0.382
0.382
0.382
0.382
0.384
0.389
0.39
0.392
0.393
0.392
0.393
0.393
0.394
0.396
0.396
0.395
0.395
0.397
0.397
0.403
0.403
0.403
0.405
0.404
0.404
0.404
0.404
0.404
0.404
0.405
0.411
0.411
0.411
0.411
0.411
0.416
0.431
0.465
0.587
0.803
0.827
0.855
0.864
0.867
0.871
0.873
0.881
0.89
0.89
0.89
0.894
0.895
0.906
0.926
0.93
0.939
0.958
0.962
0.968
0.978
0.983
0.986
0.986
0.99
0.991
0.991
0.998
1.002
1.006
1.011
1.017
1.017
1.025
1.034
1.034
1.035
1.035
1.037
1.048
1.05
1.056
1.07
1.074
1.076
1.076
1.079
1.086
1.118
1.118
1.118
1.103
1.026
1.006
1.005
1.005
1.006
1.018
1.022
1.029
1.029
1.029
1.034
1.035
1.038
1.038
1.043
1.043
1.044
1.054
1.057
1.057
1.096
1.164
1.164
1.168
1.167
1.167
1.161
1.167
1.167
1.168
1.169
1.174
1.174
