0.301
0.305
0.306
0.307
0.307
0.311
0.314
0.314
0.317
0.322
0.324
0.324
0.324
0.325
0.326
0.329
0.331
0.335
0.337
0.339
0.34
0.34
0.344
0.347
0.349
0.351
0.354
0.354
0.36
0.36
0.36
0.367
0.37
0.373
0.375
0.376
0.376
0.382
0.385
0.386
0.391
0.393
0.401
0.402
0.403
0.406
0.409
0.409
0.413
0.419
0.424
0.428
0.428
0.432
0.434
0.435
0.441
0.445
0.458
0.461
0.461
0.462
0.468
0.47
0.481
0.484
0.494
0.497
0.499
0.502
0.506
0.512
0.522
0.526
0.53
0.532
0.537
0.544
0.548
0.564
0.574
0.575
0.584
0.584
0.584
0.583
0.582
0.582
0.582
0.582
0.579
0.577
0.577
0.577
0.576
0.573
0.576
0.575
0.576
0.582
0.582
0.575
0.569
0.568
0.568
0.568
0.571
0.571
0.571
0.57
0.57
0.567
0.567
0.566
0.567
0.567
0.569
0.567
0.572
0.572
0.567
0.567
0.566
0.562
0.566
0.564
0.561
0.563
0.563
0.563
0.563
0.563
0.563
0.564
0.563
0.564
0.565
0.565
0.561
0.565
0.566
0.568
0.568
0.568
0.568
0.568
0.564
0.564
0.566
0.564
0.559
0.559
0.562
0.562
0.562
0.563
0.562
0.563
0.562
0.559
0.559
0.56
0.56
0.562
0.563
0.565
0.566
0.566
0.566
0.566
0.566
0.563
0.561
0.561
0.563
0.563
0.563
0.564
0.563
0.562
0.562
0.561
0.561
0.567
0.569
0.567
0.567
0.568
0.568
0.568
0.568
0.568
0.567
0.564
0.564
0.567
0.569
0.573
0.573
0.573
0.577
0.577
0.577
0.579
0.579
0.576
0.572
0.576
0.572
0.576
0.572
0.572
0.572
0.577
0.577
0.577
0.577
0.582
0.582
0.582
0.591
0.591
0.591
0.592
0.592
0.598
0.598
0.598
0.596
0.596
0.596
0.599
0.599
0.601
0.604
0.6
0.601
0.601
0.601
0.601
0.603
0.604
0.605
0.605
0.606
0.611
0.611
0.613
0.613
0.616
0.616
0.615
0.615
0.616
0.618
0.618
0.619
0.626
0.628
0.629
0.629
0.631
0.631
0.631
0.632
0.632
0.634
0.634
0.636
0.636
0.642
0.644
0.644
0.646
0.646
0.647
0.647
0.65
0.657
0.657
0.67
0.722
1.017
1.116
1.148
1.161
1.173
1.173
1.177
1.184
1.184
1.187
1.192
1.196
1.201
1.203
1.206
1.209
1.217
1.217
1.221
1.222
1.232
1.235
1.237
1.236
1.244
1.244
1.244
1.251
1.257
1.262
1.27
1.27
1.277
1.279
1.28
1.28
1.28
1.28
1.272
1.27
1.269
1.258
1.255
1.237
1.237
1.235
1.234
1.231
1.223
1.202
1.195
1.195
1.191
1.188
1.181
1.18
1.179
1.169
1.165
1.165
1.156
1.149
1.145
1.145
1.133
1.132
1.131
1.125
1.122
1.117
1.116
1.105
1.099
1.095
1.094
1.086
1.086
1.08
1.077
1.073
1.064
1.064
1.062
1.056
1.056
1.052
1.042
1.04
1.04
1.034
1.033
1.031
1.027
1.027
1.026
1.02
1.007
1.005
1.005
1.005
1.005
1.001
1.001
0.992
0.992
0.991
0.991
0.981
0.978
0.978
0.966
0.966
0.966
0.966
0.97
0.97
0.963
0.958
0.951
0.95
0.949
0.948
0.944
0.942
0.937
0.936
0.935
0.933
0.933
0.928
0.924
0.924
0.924
0.924
0.924
0.924
0.926
0.924
0.923
0.915
0.912
0.912
0.908
0.908
0.908
0.908
0.898
0.898
0.9
0.898
0.898
0.898
0.898
0.894
0.891
0.891
0.888
0.888
0.883
0.879
0.874
0.874
0.874
0.873
0.873
0.869
0.868
0.865
0.864
0.862
0.861
0.858
0.852
0.846
0.846
0.846
0.845
0.846
0.847
0.85
0.85
0.85
0.839
0.829
0.825
0.804
0.773
0.723
0.414
0.345
0.33
0.324
0.317
0.317
0.317
0.317
0.321
0.322
0.326
0.326
0.326
0.326
0.326
0.32
0.317
0.326
0.317
0.314
0.317
0.323
0.323
0.323
0.323
0.323
0.323
0.312
0.312
0.318
0.318
0.318
0.318
0.318
0.318
0.319
0.319
0.319
0.318
0.32
0.318
0.321
0.318
0.321
0.321
0.322
0.321
0.321
0.321
0.316
0.315
0.315
0.316
0.322
0.322
0.322
0.322
0.323
0.322
0.324
0.324
0.318
0.318
0.318
0.318
0.32
0.322
0.322
0.323
0.323
0.322
0.323
0.325
0.325
0.325
0.325
0.325
0.325
0.325
0.326
0.326
0.326
0.325
0.322
0.322
0.323
0.322
0.323
0.323
0.323
0.324
0.324
0.323
0.322
0.322
0.322
0.322
0.329
0.33
0.329
0.326
0.326
0.326
0.326
0.33
0.334
0.334
0.332
0.333
0.333
0.333
0.334
0.341
0.341
0.341
0.335
0.335
0.335
0.338
0.338
0.338
0.341
0.341
0.342
0.342
0.339
0.339
0.342
0.346
0.346
0.348
0.348
0.348
0.346
0.348
0.347
0.348
0.348
0.357
0.357
0.357
0.353
0.353
0.353
0.353
0.356
0.356
0.36
0.359
0.359
0.361
0.365
0.361
0.361
0.361
0.361
0.361
0.37
0.373
0.373
0.374
0.379
0.381
0.381
0.374
0.372
0.369
0.365
0.358
0.357
0.355
0.352
0.348
0.348
0.348
0.345
0.344
0.341
0.336
0.333
0.332
0.329
0.324
0.323
0.323
0.322
0.322
0.314
0.314
0.314
0.316
0.316
0.316
0.312
0.305
0.303
0.302
0.302
0.302
0.302
0.3
0.296
0.296
0.293
0.293
0.289
0.289
0.282
0.281
0.281
0.277
0.277
0.278
0.278
0.278
0.278
0.274
0.272
0.272
0.272
0.269
0.267
0.264
0.259
0.263
0.263
0.263
0.263
0.263
0.263
0.261
0.258
0.261
0.258
0.254
0.254
0.254
0.253
0.253
0.253
0.253
0.253
0.253
0.247
0.243
0.241
0.241
0.24
0.24
0.235
0.235
0.234
0.234
0.234
0.234
0.234
0.234
0.228
0.228
0.228
0.232
0.232
0.235
0.236
0.235
0.236
0.235
0.234
0.231
0.228
0.227
0.225
0.225
0.227
0.227
0.232
0.232
0.232
0.23
0.229
0.224
0.224
0.223
0.223
0.223
0.218
0.223
0.22
0.22
0.22
0.22
0.218
0.218
0.218
0.216
0.216
0.218
0.218
0.218
0.217
0.217
0.217
0.219
0.221
0.221
0.219
0.218
0.217
0.21
0.214
0.214
0.21
0.209
0.209
0.209
0.209
0.21
0.21
0.214
0.211
0.214
0.211
0.211
0.211
0.209
0.206
0.206
0.204
0.204
0.204
0.206
0.204
0.204
0.206
0.204
0.204
0.208
0.208
0.204
0.206
0.205
0.205
0.205
0.206
0.205
0.207
0.205
0.205
0.203
0.204
0.204
0.202
0.202
0.204
0.202
0.202
0.199
0.198
0.195
0.198
0.198
0.198
0.195
0.196
0.196
0.194
0.196
0.196
0.196
0.196
0.196
0.194
0.197
0.195
0.195
0.2
0.2
0.195
0.198
0.195
0.195
0.198
0.204
0.204
0.204
0.203
0.203
0.198
0.198
0.192
0.192
0.192
0.192
0.192
0.192
0.194
0.192
0.192
0.189
0.186
0.186
0.189
0.193
0.197
0.199
0.199
0.199
0.193
0.193
0.193
0.198
0.198
0.198
0.197
0.197
0.197
0.197
0.201
0.201
0.198
0.198
0.198
0.198
0.198
0.201
0.201
0.197
0.197
0.196
0.196
0.195
0.192
0.192
0.191
0.191
0.2
0.202
0.2
0.201
0.202
0.201
0.201
0.204
0.204
0.205
0.205
0.202
0.198
0.202
0.198
0.196
0.198
0.193
0.193
0.202
0.202
0.202
0.202
0.202
0.201
0.201
0.201
0.204
0.206
0.208
0.206
0.206
0.198
0.198
0.198
0.2
0.205
0.205
0.205
0.205
0.205
0.205
0.204
0.204
0.204
0.205
0.204
0.206
0.207
0.208
0.207
0.207
0.205
0.205
0.205
0.206
0.208
0.208
0.206
0.208
0.208
0.208
0.208
0.21
0.213
0.213
0.21
0.21
0.209
0.209
0.209
0.203
0.203
0.21
0.213
0.213
0.214
0.214
0.214
0.214
0.215
0.211
0.217
0.217
0.211
0.211
0.213
0.213
0.22
0.22
0.221
0.22
0.219
0.219
0.221
0.221
0.227
0.227
0.228
0.227
0.228
0.228
0.228
0.232
0.232
0.232
0.232
0.23
0.23
0.23
0.236
0.242
0.242
0.242
0.242
0.239
0.239
0.241
0.241
0.242
0.243
0.244
0.247
0.247
0.247
0.25
0.25
0.25
0.25
0.252
0.252
0.253
0.253
0.259
0.259
0.259
0.259
0.257
0.257
0.257
0.257
0.26
0.262
0.268
0.268
0.268
0.265
0.274
0.274
0.277
0.279
0.28
0.281
0.281
0.284
0.286
0.286
0.286
0.286
0.281
0.279
0.274
0.273
0.273
0.273
0.273
0.275
0.275
0.269
0.268
0.267
0.267
0.266
0.266
0.261
