0.636
0.636
0.637
0.651
0.651
0.652
0.652
0.652
0.663
0.666
0.667
0.676
0.677
0.677
0.684
0.687
0.688
0.688
0.691
0.693
0.693
0.698
0.709
0.71
0.714
0.718
0.722
0.725
0.725
0.728
0.735
0.739
0.744
0.751
0.758
0.758
0.758
0.745
0.74
0.74
0.735
0.732
0.732
0.73
0.728
0.725
0.723
0.718
0.718
0.718
0.717
0.714
0.713
0.713
0.713
0.706
0.706
0.707
0.706
0.704
0.7
0.7
0.694
0.694
0.692
0.688
0.683
0.68
0.68
0.677
0.677
0.676
0.676
0.673
0.673
0.671
0.67
0.666
0.663
0.663
0.663
0.661
0.661
0.661
0.658
0.658
0.661
0.66
0.66
0.66
0.659
0.659
0.655
0.655
0.655
0.655
0.655
0.655
0.654
0.654
0.648
0.643
0.641
0.64
0.639
0.639
0.639
0.639
0.633
0.633
0.633
0.633
0.633
0.632
0.632
0.629
0.629
0.624
0.624
0.624
0.62
0.619
0.618
0.616
0.616
0.618
0.619
0.62
0.62
0.619
0.617
0.617
0.617
0.618
0.618
0.618
0.615
0.615
0.614
0.614
0.614
0.614
0.612
0.611
0.611
0.61
0.61
0.611
0.615
0.615
0.616
0.616
0.616
0.615
0.615
0.614
0.614
0.614
0.614
0.614
0.612
0.609
0.609
0.609
0.607
0.609
0.61
0.61
0.609
0.61
0.612
0.609
0.607
0.607
0.607
0.606
0.607
0.606
0.611
0.611
0.611
0.61
0.614
0.61
0.61
0.61
0.609
0.605
0.604
0.604
0.604
0.611
0.611
0.611
0.607
0.606
0.606
0.606
0.606
0.611
0.613
0.614
0.614
0.613
0.611
0.609
0.609
0.611
0.62
0.62
0.62
0.615
0.612
0.61
0.609
0.605
0.605
0.605
0.619
0.619
0.619
0.619
0.62
0.618
0.618
0.616
0.616
0.616
0.615
0.617
0.618
0.622
0.622
0.623
0.623
0.623
0.623
0.626
0.626
0.626
0.625
0.625
0.625
0.626
0.631
0.631
0.626
0.626
0.628
0.628
0.628
0.628
0.628
0.632
0.633
0.633
0.636
0.636
0.636
0.637
0.637
0.64
0.64
0.642
0.642
0.642
0.642
0.643
0.644
0.644
0.656
0.656
0.656
0.647
0.647
0.647
0.656
0.658
0.661
0.664
0.664
0.666
0.664
0.666
0.67
0.67
0.671
0.671
0.671
0.673
0.676
0.678
0.678
0.681
0.682
0.682
0.684
0.687
0.687
0.688
0.688
0.688
0.696
0.696
0.699
0.699
0.699
0.7
0.701
0.703
0.707
0.71
0.712
0.712
0.712
0.712
0.715
0.717
0.722
0.722
0.722
0.726
0.727
0.727
0.727
0.734
0.734
0.735
0.747
0.751
0.751
0.753
0.754
0.759
0.759
0.761
0.763
0.768
0.773
0.773
0.775
0.781
0.783
0.783
0.789
0.791
0.795
0.796
0.796
0.803
0.803
0.803
0.803
0.806
0.806
0.814
0.817
0.82
0.824
0.833
0.839
0.839
0.84
0.842
0.852
0.852
0.852
0.854
0.86
0.861
0.864
0.869
0.872
0.885
0.887
0.89
0.892
0.902
0.902
0.902
0.904
0.907
0.918
0.921
0.921
0.923
0.924
0.927
0.927
0.946
0.946
0.952
0.96
0.964
0.971
0.977
0.98
0.984
0.992
0.997
1.004
1.007
1.011
1.02
1.029
1.04
1.048
1.052
1.055
1.058
1.068
1.069
1.071
1.088
1.103
1.105
1.118
1.123
1.132
1.136
1.137
1.151
1.174
1.175
1.179
1.188
1.194
1.21
1.212
1.238
1.242
1.254
1.255
1.259
1.273
1.283
1.295
1.306
1.32
1.333
1.338
1.353
1.367
1.382
1.399
1.418
1.425
1.442
1.443
1.461
1.48
1.49
1.509
1.526
1.548
1.569
1.578
1.6
1.619
1.624
1.651
1.673
1.683
1.715
1.724
1.753
1.776
1.801
1.814
1.852
1.88
1.902
1.925
1.952
1.976
2.024
2.024
2.024
1.919
0.555
0.499
0.488
0.488
0.488
0.488
0.485
0.485
0.485
0.482
0.48
0.476
0.474
0.476
0.473
0.473
0.473
0.468
0.467
0.468
0.468
0.465
0.469
0.47
0.469
0.47
0.473
0.474
0.473
0.473
0.47
0.468
0.468
0.468
0.465
0.464
0.465
0.463
0.463
0.466
0.473
0.466
0.466
0.466
0.474
0.464
0.469
0.469
0.464
0.457
0.455
0.455
0.455
0.457
0.462
0.463
0.463
0.462
0.459
0.455
0.455
0.455
0.459
0.474
0.474
0.474
0.466
0.462
0.461
0.461
0.462
0.463
0.463
0.469
0.469
0.468
0.468
0.469
0.468
0.467
0.462
0.462
0.462
0.462
0.468
0.468
0.468
0.459
0.459
0.459
0.466
0.47
0.47
0.466
0.466
0.466
0.464
0.464
0.464
0.464
0.465
0.465
0.465
0.471
0.471
0.472
0.472
0.473
0.47
0.473
0.477
0.477
0.477
0.478
0.478
0.477
0.477
0.477
0.477
0.48
0.48
0.485
0.486
0.486
0.486
0.486
0.486
0.486
0.481
0.481
0.484
0.482
0.484
0.491
0.491
0.491
0.495
0.495
0.492
0.492
0.492
0.492
0.499
0.5
0.503
0.503
0.5
0.499
0.499
0.499
0.5
0.505
0.505
0.505
0.505
0.506
0.506
0.509
0.509
0.509
0.511
0.511
0.514
0.514
0.509
0.509
0.514
0.516
0.516
0.519
0.52
0.52
0.525
0.525
0.526
0.526
0.53
0.533
0.533
0.529
0.533
0.537
0.54
0.54
0.543
0.546
0.546
0.547
0.548
0.548
0.547
0.547
0.547
0.547
0.555
0.56
0.566
0.566
0.571
0.571
0.571
0.571
0.571
0.573
0.574
0.579
0.581
0.582
0.582
0.586
0.586
0.591
0.591
0.592
0.596
0.598
0.6
0.601
0.601
0.604
0.605
0.611
0.612
0.612
0.612
0.613
0.619
0.62
0.622
0.626
0.627
0.63
0.63
0.63
0.631
0.631
0.641
0.654
0.654
0.654
0.658
0.658
0.659
0.663
0.665
0.665
0.671
0.677
0.677
0.68
0.68
0.69
0.694
0.695
0.696
0.7
0.702
0.708
0.712
0.713
0.715
0.722
0.725
0.725
0.733
0.736
0.739
0.742
0.743
0.749
0.76
0.762
0.762
0.762
0.762
0.758
0.757
0.757
0.756
0.753
0.742
0.742
0.739
0.738
0.733
0.73
0.73
0.73
0.73
0.723
0.723
0.72
0.719
0.716
0.716
0.715
0.713
0.708
0.708
0.703
0.707
0.704
0.704
0.703
0.702
0.701
0.701
0.692
0.691
0.687
0.685
0.685
0.685
0.685
0.685
0.684
0.684
0.681
0.681
0.683
0.681
0.68
0.68
0.678
0.677
0.672
0.668
0.663
0.663
0.665
0.661
0.66
0.665
0.659
0.659
0.659
0.659
0.656
0.649
0.649
0.649
0.647
0.647
0.647
0.646
0.647
0.646
0.646
0.641
0.639
0.635
0.634
0.634
0.634
0.634
0.634
0.635
0.635
0.635
0.635
0.633
0.633
0.632
0.631
0.631
0.63
0.63
0.63
0.63
0.63
0.633
0.633
0.633
0.629
0.629
0.628
0.628
0.628
0.626
0.626
0.626
0.625
0.623
0.62
0.62
0.62
0.615
0.624
0.625
0.624
0.624
0.624
0.622
0.62
0.62
0.62
0.619
0.617
0.617
0.615
0.615
0.615
0.613
0.613
0.613
0.61
0.61
0.61
0.615
0.615
0.616
0.616
0.612
0.61
0.61
0.61
0.613
0.616
0.624
0.636
0.739
1.029
1.077
1.639
1.786
1.81
1.826
1.829
1.829
1.836
1.841
1.837
1.836
1.836
1.834
1.834
1.834
1.837
1.837
1.837
1.837
1.834
1.831
1.831
1.831
1.831
1.828
1.828
1.832
1.84
1.84
1.844
1.844
1.844
1.844
1.845
1.848
1.852
1.855
1.855
1.855
1.855
1.856
1.856
1.864
1.864
1.864
1.865
1.865
1.867
1.868
1.868
1.868
1.868
1.87
1.87
1.877
1.885
1.887
1.887
1.885
1.855
1.815
1.78
1.751
1.717
1.692
1.66
1.645
1.633
1.602
1.583
1.55
1.533
1.496
1.478
1.46
1.433
1.414
1.402
1.38
1.371
1.352
1.347
1.323
1.308
1.296
1.272
1.268
1.255
1.237
1.234
1.21
1.194
1.182
1.18
1.157
1.152
1.131
1.124
1.121
1.118
1.097
1.097
1.064
1.061
1.047
1.041
1.033
1.02
1.017
1.006
1.002
0.984
0.981
0.979
0.963
0.955
0.949
0.942
0.936
0.933
0.927
0.902
0.901
0.883
0.882
0.881
0.873
0.871
0.867
0.855
0.849
0.84
0.84
0.838
0.835
0.834
0.823
0.819
0.813
0.806
0.794
0.793
0.79
0.79
0.771
0.771
0.769
0.769
0.764
0.753
0.752
0.751
0.745
0.741
0.74
0.74
0.73
0.729
0.727
0.725
0.725
0.723
0.708
0.703
0.692
0.692
0.691
0.69
0.687
0.679
0.678
0.678
0.678
0.676
0.665
0.665
0.665
0.662
0.652
