0.334
0.334
0.334
0.332
0.33
0.329
0.327
0.327
0.32
0.318
0.32
0.318
0.317
0.315
0.315
0.309
0.307
0.307
0.301
0.297
0.301
0.301
0.299
0.295
0.296
0.296
0.296
0.297
0.297
0.299
0.297
0.297
0.293
0.293
0.292
0.291
0.284
0.277
0.273
0.273
0.273
0.265
0.273
0.274
0.274
0.274
0.275
0.285
0.291
0.292
0.293
0.293
0.293
0.292
0.29
0.288
0.288
0.288
0.289
0.287
0.28
0.282
0.276
0.276
0.279
0.279
0.274
0.278
0.274
0.274
0.274
0.276
0.274
0.276
0.272
0.27
0.269
0.27
0.27
0.27
0.27
0.27
0.264
0.264
0.263
0.263
0.259
0.258
0.247
0.247
0.247
0.247
0.247
0.243
0.243
0.243
0.261
0.261
0.264
0.274
0.274
0.274
0.274
0.272
0.272
0.274
0.272
0.271
0.271
0.266
0.259
0.259
0.259
0.257
0.251
0.251
0.235
0.231
0.23
0.23
0.23
0.231
0.231
0.241
0.243
0.243
0.241
0.241
0.242
0.241
0.241
0.242
0.242
0.242
0.246
0.249
0.249
0.246
0.246
0.245
0.244
0.243
0.243
0.243
0.243
0.246
0.246
0.246
0.246
0.245
0.245
0.245
0.245
0.245
0.245
0.245
0.248
0.248
0.248
0.253
0.249
0.249
0.246
0.247
0.246
0.246
0.245
0.247
0.253
0.253
0.25
0.25
0.246
0.246
0.244
0.244
0.242
0.244
0.239
0.239
0.245
0.245
0.245
0.245
0.241
0.241
0.246
0.247
0.247
0.247
0.239
0.239
0.239
0.247
0.247
0.247
0.246
0.246
0.246
0.242
0.242
0.242
0.242
0.242
0.248
0.243
0.248
0.248
0.246
0.245
0.245
0.244
0.244
0.244
0.247
0.247
0.247
0.248
0.252
0.252
0.253
0.254
0.254
0.254
0.253
0.257
0.257
0.257
0.257
0.259
0.259
0.256
0.254
0.254
0.251
0.251
0.251
0.251
0.251
0.245
0.244
0.241
0.237
0.23
0.23
0.23
0.23
0.23
0.232
0.248
0.261
0.261
0.263
0.263
0.263
0.262
0.262
0.262
0.262
0.254
0.254
0.254
0.254
0.253
0.255
0.255
0.255
0.255
0.255
0.26
0.262
0.262
0.263
0.263
0.266
0.269
0.27
0.27
0.27
0.27
0.27
0.268
0.268
0.268
0.268
0.272
0.273
0.273
0.273
0.273
0.273
0.273
0.275
0.275
0.275
0.28
0.281
0.282
0.282
0.28
0.282
0.277
0.277
0.276
0.278
0.276
0.278
0.278
0.282
0.282
0.283
0.283
0.279
0.279
0.287
0.285
0.29
0.29
0.29
0.293
0.293
0.291
0.291
0.293
0.291
0.293
0.298
0.304
0.305
0.311
0.312
0.312
0.308
0.308
0.308
0.308
0.313
0.313
0.313
0.316
0.313
0.313
0.317
0.317
0.32
0.321
0.321
0.323
0.323
0.323
0.33
0.33
0.33
0.331
0.331
0.337
0.341
0.344
0.344
0.344
0.344
0.347
0.35
0.35
0.351
0.351
0.352
0.356
0.356
0.356
0.361
0.361
0.364
0.369
0.369
0.369
0.371
0.372
0.378
0.379
0.379
0.382
0.387
0.389
0.388
0.388
0.388
0.39
0.39
0.397
0.4
0.402
0.403
0.407
0.412
0.413
0.418
0.418
0.418
0.422
0.422
0.425
0.425
0.427
0.431
0.435
0.445
0.445
0.443
0.443
0.445
0.453
0.453
0.455
0.463
0.466
0.474
0.475
0.477
0.481
0.484
0.487
0.494
0.501
0.507
0.509
0.511
0.512
0.524
0.526
0.526
0.526
0.54
0.542
0.547
0.556
0.565
0.57
0.574
0.575
0.584
0.589
0.598
0.598
0.605
0.606
0.616
0.625
0.628
0.634
0.638
0.657
0.658
0.664
0.667
0.682
0.683
0.699
0.704
0.707
0.716
0.728
0.729
0.735
0.753
0.758
0.776
0.778
0.791
0.791
0.791
0.694
0.683
0.669
0.668
0.665
0.665
0.662
0.66
0.661
0.66
0.656
0.655
0.655
0.652
0.652
0.656
0.656
0.656
0.656
0.656
0.656
0.653
0.656
0.653
0.653
0.653
0.657
0.657
0.657
0.659
0.661
0.663
0.664
0.665
0.669
0.683
0.689
0.72
0.839
0.948
0.953
0.954
0.959
0.955
0.957
0.957
0.957
0.957
0.957
0.954
0.952
0.952
0.949
0.947
0.945
0.908
0.871
0.868
0.868
0.871
0.909
0.949
0.949
0.95
0.949
0.949
0.951
0.951
0.951
0.951
0.952
0.955
0.958
0.955
0.955
0.954
0.95
0.95
0.954
0.954
0.956
0.956
0.956
0.956
0.956
0.954
0.954
0.954
0.954
0.954
0.954
0.956
0.956
0.957
0.959
0.961
0.961
0.961
0.961
0.961
0.961
0.959
0.963
0.964
0.964
0.964
0.964
0.964
0.964
0.964
0.957
0.964
0.964
0.968
0.969
0.971
0.97
0.973
0.97
0.973
0.976
0.977
0.981
0.983
0.983
0.983
0.985
0.985
0.985
0.987
0.987
0.988
0.998
0.998
0.998
0.998
0.998
0.998
1.004
1.005
1.008
1.009
1.009
1.01
1.017
1.017
1.017
1.017
1.011
1.011
1.022
1.026
1.026
1.029
1.032
1.033
1.039
1.039
1.039
1.039
1.039
1.038
1.041
1.041
1.041
1.042
1.049
1.051
1.051
1.063
1.064
1.064
1.064
1.064
1.064
1.067
1.075
1.075
1.076
1.077
1.077
1.084
1.089
1.09
1.09
1.095
1.096
1.1
1.1
1.104
1.105
1.106
1.108
1.119
1.122
1.125
1.129
1.136
1.136
1.142
1.142
1.145
1.145
1.145
1.147
1.148
1.158
1.163
1.168
1.174
1.178
1.183
1.183
1.188
1.188
1.189
1.192
1.192
1.197
1.205
1.21
1.213
1.22
1.228
1.229
1.229
1.241
1.241
1.245
1.246
1.255
1.266
1.267
1.275
1.277
1.278
1.278
1.291
1.292
1.298
1.301
1.31
1.317
1.319
1.331
1.333
1.333
1.336
1.338
1.339
1.356
1.365
1.371
1.383
1.391
1.391
1.398
1.404
1.416
1.42
1.435
1.444
1.444
1.457
1.467
1.473
1.476
1.482
1.488
1.497
1.507
1.521
1.525
1.532
1.539
1.555
1.56
1.564
1.564
1.564
1.48
0.918
0.849
0.833
0.832
0.83
0.827
0.823
0.823
0.823
0.819
0.819
0.814
0.816
0.814
0.812
0.81
0.803
0.8
0.8
0.795
0.795
0.792
0.792
0.791
0.791
0.791
0.789
0.789
0.786
0.781
0.78
0.779
0.777
0.774
0.774
0.774
0.773
0.773
0.773
0.77
0.765
0.762
0.765
0.765
0.763
0.763
0.763
0.762
0.758
0.758
0.756
0.749
0.748
0.749
0.744
0.744
0.741
0.739
0.735
0.739
0.739
0.739
0.739
0.739
0.732
0.732
0.731
0.732
0.732
0.732
0.727
0.727
0.724
0.721
0.722
0.722
0.722
0.721
0.721
0.72
0.72
0.716
0.716
0.715
0.715
0.715
0.716
0.715
0.715
0.715
0.715
0.715
0.714
0.715
0.714
0.716
0.716
0.716
0.715
0.715
0.714
0.713
0.707
0.706
0.697
0.697
0.697
0.698
0.698
0.701
0.701
0.699
0.699
0.701
0.699
0.703
0.703
0.7
0.699
0.699
0.699
0.699
0.699
0.702
0.702
0.702
0.692
0.692
0.692
0.69
0.692
0.696
0.692
0.689
0.692
0.689
0.689
0.691
0.692
0.691
0.691
0.69
0.69
0.687
0.687
0.692
0.693
0.693
0.693
0.693
0.693
0.693
0.693
0.695
0.696
0.701
0.698
0.701
0.705
0.705
0.703
0.703
0.702
0.7
0.702
0.702
0.702
0.695
0.699
0.699
0.695
0.697
0.699
0.699
0.705
0.705
0.705
0.707
0.704
0.704
0.704
0.704
0.704
0.712
0.703
0.707
0.71
0.71
0.707
0.71
0.713
0.715
0.715
0.722
0.722
0.722
0.722
0.722
0.722
0.722
0.726
0.726
0.727
0.728
0.729
0.729
0.729
0.729
0.729
0.729
0.729
0.725
0.729
0.731
0.731
0.732
0.735
0.736
0.736
0.736
0.724
0.72
0.706
0.693
0.684
0.683
0.671
0.656
0.653
0.647
0.642
0.634
0.628
0.628
0.611
0.61
0.607
0.601
0.596
0.581
0.572
0.569
0.569
0.568
0.557
0.557
0.548
0.545
0.539
0.527
0.526
0.525
0.521
0.52
0.513
0.507
0.5
0.498
0.495
0.492
0.491
0.485
0.485
0.48
0.475
0.466
0.463
0.459
0.459
0.458
0.457
0.455
0.455
0.451
0.45
0.444
0.442
0.434
0.434
0.432
0.432
0.432
0.428
0.424
0.418
0.415
0.415
0.415
0.415
0.415
0.407
0.4
0.4
0.4
0.396
0.39
0.388
0.388
0.379
0.379
0.379
0.378
0.378
0.377
0.374
0.371
0.365
0.36
0.36
0.36
0.361
0.361
0.361
0.358
0.355
0.353
0.355
0.353
0.352
0.351
0.351
0.348
0.348
0.347
0.341
0.347
0.347
0.343
