1.327
1.335
1.335
1.327
1.327
1.324
1.314
1.309
1.303
1.3
1.295
1.291
1.289
1.284
1.277
1.277
1.272
1.262
1.26
1.259
1.249
1.244
1.244
1.244
1.244
1.239
1.232
1.227
1.222
1.217
1.215
1.21
1.207
1.207
1.207
1.192
1.192
1.192
1.192
1.219
1.223
1.246
1.249
1.256
1.262
1.283
1.284
1.303
1.303
1.316
1.322
1.328
1.345
1.352
1.371
1.375
1.389
1.4
1.411
1.424
1.44
1.445
1.463
1.472
1.483
1.505
1.519
1.53
1.538
1.556
1.556
1.556
1.542
1.542
1.542
1.558
1.596
1.632
1.632
1.632
0.289
0.269
0.269
0.269
0.269
0.269
0.267
0.264
0.264
0.261
0.264
0.261
0.263
0.261
0.263
0.262
0.263
0.262
0.263
0.263
0.265
0.267
0.278
0.279
0.281
0.283
0.284
0.303
0.311
0.312
0.313
0.317
0.323
0.327
0.327
0.327
0.328
0.332
0.35
0.353
0.354
0.364
0.366
0.37
0.384
0.385
0.399
0.405
0.409
0.414
0.433
0.433
0.437
0.451
0.453
0.479
0.481
0.501
0.504
0.52
0.52
0.521
0.522
0.521
0.519
0.521
0.519
0.513
0.519
0.512
0.512
0.512
0.512
0.506
0.506
0.503
0.503
0.508
0.508
0.508
0.514
0.514
0.516
0.518
0.516
0.516
0.516
0.516
0.516
0.519
0.519
0.519
0.519
0.519
0.518
0.521
0.519
0.519
0.519
0.519
0.519
0.519
0.515
0.515
0.514
0.514
0.514
0.517
0.517
0.517
0.517
0.511
0.511
0.513
0.516
0.516
0.517
0.517
0.517
0.517
0.517
0.517
0.517
0.518
0.518
0.518
0.517
0.518
0.518
0.527
0.527
0.527
0.527
0.527
0.525
0.525
0.529
0.529
0.525
0.525
0.525
0.525
0.529
0.529
0.532
0.532
0.532
0.532
0.532
0.532
0.532
0.533
0.534
0.53
0.53
0.534
0.534
0.534
0.537
0.54
0.542
0.542
0.545
0.547
0.546
0.546
0.547
0.549
0.546
0.547
0.549
0.549
0.548
0.549
0.549
0.548
0.548
0.551
0.551
0.554
0.56
0.56
0.56
0.56
0.561
0.561
0.561
0.561
0.561
0.561
0.564
0.561
0.564
0.564
0.565
0.565
0.572
0.574
0.576
0.576
0.576
0.578
0.579
0.578
0.581
0.584
0.584
0.584
0.584
0.584
0.587
0.592
0.593
0.597
0.597
0.6
0.601
0.601
0.605
0.605
0.607
0.609
0.611
0.611
0.611
0.613
0.613
0.613
0.625
0.628
0.629
0.629
0.629
0.629
0.629
0.631
0.636
0.636
0.639
0.639
0.64
0.644
0.645
0.645
0.648
0.648
0.652
0.658
0.661
0.661
0.658
0.658
0.667
0.667
0.672
0.677
0.677
0.677
0.681
0.686
0.689
0.692
0.697
0.698
0.698
0.703
0.706
0.706
0.707
0.71
0.712
0.717
0.726
0.726
0.729
0.733
0.738
0.738
0.741
0.747
0.748
0.756
0.758
0.765
0.765
0.768
0.768
0.774
0.78
0.78
0.78
0.745
0.698
0.684
0.682
0.678
0.676
0.67
0.67
0.668
0.668
0.668
0.668
0.67
0.67
0.669
0.67
0.669
0.667
0.669
0.68
0.667
0.672
0.675
0.672
0.672
0.672
0.669
0.669
0.671
0.671
0.676
0.677
0.687
0.687
0.689
0.689
0.704
0.773
0.933
0.947
0.947
0.947
0.946
0.946
0.946
0.943
0.943
0.934
0.931
0.931
0.928
0.928
0.924
0.924
0.924
0.886
0.828
0.814
0.811
0.811
0.811
0.816
0.845
0.898
0.898
0.898
0.896
0.896
0.892
0.89
0.886
0.886
0.886
0.883
0.885
0.885
0.885
0.885
0.885
0.88
0.873
0.873
0.873
0.872
0.872
0.872
0.866
0.866
0.866
0.866
0.866
0.866
0.863
0.862
0.861
0.859
0.855
0.855
0.853
0.848
0.845
0.845
0.846
0.845
0.845
0.845
0.841
0.839
0.839
0.839
0.839
0.839
0.839
0.833
0.833
0.833
0.833
0.833
0.827
0.827
0.823
0.819
0.813
0.813
0.813
0.82
0.82
0.821
0.82
0.815
0.808
0.806
0.8
0.806
0.806
0.809
0.81
0.813
0.813
0.814
0.814
0.813
0.813
0.814
0.822
0.817
0.817
0.817
0.813
0.813
0.813
0.813
0.812
0.812
0.807
0.807
0.807
0.807
0.814
0.814
0.814
0.813
0.808
0.807
0.808
0.813
0.808
0.808
0.808
0.807
0.807
0.807
0.808
0.809
0.812
0.814
0.814
0.814
0.821
0.814
0.821
0.821
0.815
0.815
0.818
0.818
0.818
0.818
0.816
0.81
0.81
0.816
0.816
0.82
0.82
0.821
0.822
0.822
0.822
0.822
0.819
0.818
0.819
0.819
0.825
0.828
0.835
0.838
0.838
0.835
0.835
0.838
0.838
0.838
0.838
0.841
0.84
0.841
0.842
0.842
0.841
0.841
0.833
0.831
0.821
0.803
0.788
0.778
0.762
0.761
0.751
0.732
0.724
0.707
0.707
0.686
0.684
0.679
0.679
0.662
0.646
0.642
0.638
0.632
0.625
0.619
0.617
0.604
0.603
0.596
0.58
0.579
0.578
0.572
0.569
0.559
0.548
0.545
0.543
0.54
0.536
0.531
0.53
0.516
0.51
0.507
0.502
0.499
0.489
0.483
0.48
0.478
0.477
0.471
0.467
0.466
0.466
0.461
0.457
0.457
0.449
0.449
0.447
0.439
0.439
0.437
0.434
0.429
0.427
0.423
0.423
0.419
0.418
0.411
0.41
0.406
0.406
0.4
0.4
0.398
0.397
0.391
0.383
0.382
0.38
0.378
0.378
0.376
0.369
0.367
0.368
0.363
0.363
0.363
0.363
0.363
0.36
0.357
0.353
0.352
0.352
0.352
0.351
0.346
0.342
0.342
0.342
0.34
0.335
0.33
0.33
0.33
0.329
0.329
0.329
0.324
0.323
0.323
0.321
0.321
0.316
0.316
0.313
0.312
0.313
0.312
0.311
0.311
0.307
0.306
0.306
0.306
0.305
0.304
0.299
0.299
0.299
0.297
0.296
0.297
0.296
0.291
0.291
0.288
0.286
0.286
0.286
0.286
0.285
0.279
0.284
0.279
0.276
0.276
0.275
0.275
0.275
0.275
0.275
0.275
0.274
0.272
0.271
0.272
0.271
0.267
0.269
0.269
0.267
0.267
0.267
0.266
0.264
0.263
0.261
0.261
0.26
0.261
0.257
0.257
0.257
0.257
0.254
0.253
0.253
0.253
0.253
0.253
0.249
0.249
0.249
0.247
0.247
0.25
0.25
0.25
0.25
0.249
0.249
0.25
0.249
0.249
0.247
0.246
0.246
0.247
0.246
0.248
0.248
0.248
0.248
0.248
0.248
0.241
0.241
0.241
0.242
0.242
0.242
0.244
0.244
0.243
0.24
0.238
0.238
0.238
0.241
0.241
0.241
0.235
0.235
0.235
0.235
0.236
0.236
0.235
0.235
0.241
0.241
0.243
0.243
0.243
0.243
0.243
0.243
0.24
0.24
0.244
0.24
0.239
0.237
0.236
0.236
0.237
0.237
0.23
0.242
0.229
0.229
0.229
0.229
0.229
0.229
0.229
0.227
0.227
0.227
0.228
0.228
0.228
0.228
0.228
0.228
0.231
0.232
0.232
0.231
0.231
0.228
0.228
0.227
0.228
0.228
0.227
0.227
0.227
0.225
0.225
0.225
0.225
0.231
0.231
0.231
0.229
0.227
0.222
0.222
0.226
0.226
0.226
0.226
0.225
0.225
0.225
0.225
0.227
0.227
0.223
0.223
0.224
0.224
0.224
0.224
0.222
0.222
0.222
0.223
0.229
0.232
0.232
0.234
0.232
0.231
0.23
0.23
0.229
0.229
0.229
0.229
0.229
0.228
0.228
0.228
0.228
0.228
0.228
0.228
0.228
0.228
0.227
0.227
0.227
0.227
0.227
0.229
0.23
0.23
0.23
0.233
0.234
0.233
0.233
0.233
0.229
0.229
0.229
0.229
0.232
0.235
0.233
0.234
0.235
0.236
0.236
0.236
0.236
0.235
0.235
0.233
0.233
0.228
0.228
0.228
0.235
0.235
0.235
0.235
0.236
0.233
0.233
0.236
0.24
0.24
0.24
0.237
0.237
0.237
0.241
0.241
0.241
0.241
0.241
0.241
0.242
0.247
0.247
0.242
0.242
0.248
0.248
0.254
0.254
0.254
0.254
0.25
0.247
0.247
0.25
0.254
0.254
0.255
0.254
0.249
0.246
0.244
0.244
0.244
0.245
0.25
0.255
0.255
0.255
0.261
0.261
0.261
0.261
0.263
0.263
0.269
0.269
0.269
0.263
0.263
0.263
0.263
0.269
0.27
0.275
0.277
0.277
0.277
0.277
0.276
0.276
0.278
0.278
0.278
0.278
0.279
0.277
0.277
0.277
0.28
0.28
0.285
0.286
0.292
0.292
0.292
0.292
0.292
0.292
0.292
0.297
0.299
0.299
0.297
0.295
0.295
0.295
0.3
0.3
0.302
0.302
0.305
0.305
0.305
0.305
0.304
0.304
0.304
0.321
0.323
0.323
0.328
0.328
0.326
0.326
0.326
