1.363
1.363
1.363
1.359
1.357
1.351
1.347
1.344
1.342
1.325
1.324
1.314
1.313
1.307
1.305
1.299
1.297
1.29
1.287
1.28
1.272
1.271
1.264
1.26
1.257
1.254
1.252
1.25
1.243
1.242
1.229
1.225
1.22
1.219
1.217
1.217
1.209
1.208
1.206
1.205
1.201
1.197
1.2
1.2
1.2
1.219
1.229
1.24
1.255
1.263
1.268
1.278
1.285
1.296
1.321
1.322
1.326
1.339
1.355
1.368
1.37
1.38
1.401
1.409
1.432
1.433
1.445
1.451
1.48
1.484
1.489
1.507
1.524
1.542
1.55
1.574
1.574
1.574
1.55
1.55
1.55
1.573
1.587
1.674
1.674
1.674
0.275
0.275
0.265
0.264
0.265
0.267
0.264
0.266
0.266
0.266
0.264
0.264
0.264
0.264
0.264
0.264
0.265
0.265
0.265
0.265
0.268
0.268
0.278
0.284
0.286
0.297
0.305
0.307
0.316
0.316
0.316
0.321
0.325
0.325
0.331
0.333
0.34
0.342
0.342
0.349
0.354
0.367
0.374
0.381
0.387
0.393
0.398
0.408
0.417
0.422
0.429
0.439
0.452
0.455
0.467
0.478
0.482
0.507
0.513
0.515
0.516
0.519
0.52
0.519
0.519
0.52
0.519
0.519
0.516
0.515
0.513
0.512
0.511
0.51
0.506
0.505
0.505
0.504
0.504
0.508
0.515
0.515
0.515
0.516
0.515
0.514
0.514
0.515
0.513
0.513
0.513
0.515
0.513
0.515
0.517
0.518
0.518
0.518
0.518
0.516
0.516
0.516
0.516
0.517
0.517
0.517
0.517
0.517
0.519
0.519
0.519
0.519
0.519
0.516
0.517
0.517
0.517
0.518
0.52
0.522
0.523
0.523
0.527
0.528
0.527
0.518
0.523
0.522
0.52
0.521
0.522
0.522
0.523
0.523
0.523
0.521
0.521
0.521
0.533
0.533
0.533
0.53
0.53
0.529
0.529
0.526
0.53
0.53
0.532
0.532
0.534
0.534
0.534
0.534
0.535
0.535
0.537
0.537
0.537
0.536
0.536
0.536
0.536
0.538
0.541
0.549
0.549
0.549
0.546
0.546
0.546
0.547
0.547
0.554
0.554
0.551
0.551
0.559
0.556
0.556
0.556
0.556
0.556
0.559
0.561
0.568
0.568
0.57
0.57
0.567
0.567
0.567
0.567
0.567
0.57
0.57
0.57
0.572
0.572
0.572
0.574
0.583
0.583
0.583
0.581
0.581
0.581
0.587
0.59
0.591
0.591
0.591
0.592
0.596
0.596
0.596
0.596
0.6
0.602
0.603
0.603
0.605
0.605
0.617
0.617
0.617
0.617
0.617
0.619
0.619
0.621
0.626
0.627
0.628
0.632
0.632
0.634
0.635
0.643
0.643
0.643
0.644
0.645
0.647
0.647
0.648
0.648
0.65
0.654
0.663
0.666
0.666
0.668
0.671
0.674
0.674
0.674
0.678
0.678
0.683
0.685
0.698
0.699
0.699
0.7
0.701
0.701
0.706
0.711
0.715
0.717
0.72
0.723
0.732
0.733
0.735
0.735
0.735
0.736
0.742
0.742
0.743
0.749
0.757
0.757
0.758
0.765
0.768
0.768
0.782
0.786
0.798
0.8
0.8
0.801
0.804
0.806
0.809
0.821
0.825
0.825
0.829
0.83
0.84
0.844
0.849
0.853
0.859
0.862
0.863
0.864
0.867
0.867
0.893
0.898
0.902
0.903
0.918
0.923
0.924
0.926
0.932
0.95
0.952
0.953
0.957
0.957
0.965
0.958
0.958
0.958
0.95
0.949
0.949
0.948
0.945
0.942
0.935
0.777
0.619
0.571
0.552
0.549
0.547
0.547
0.545
0.545
0.541
0.541
0.539
0.532
0.526
0.526
0.526
0.526
0.526
0.526
0.532
0.537
0.537
0.537
0.537
0.534
0.533
0.531
0.531
0.531
0.528
0.531
0.531
0.531
0.531
0.536
0.531
0.531
0.531
0.537
0.537
0.54
0.54
0.545
0.545
0.55
0.556
0.604
0.71
0.844
0.849
0.849
0.849
0.848
0.848
0.845
0.845
0.84
0.843
0.839
0.839
0.839
0.836
0.835
0.832
0.831
0.766
0.747
0.744
0.741
0.741
0.744
0.762
0.811
0.815
0.815
0.815
0.817
0.817
0.819
0.819
0.814
0.809
0.804
0.804
0.801
0.804
0.807
0.808
0.808
0.814
0.808
0.808
0.815
0.819
0.819
0.819
0.819
0.819
0.818
0.818
0.816
0.816
0.817
0.817
0.815
0.815
0.815
0.813
0.81
0.813
0.81
0.81
0.81
0.817
0.811
0.811
0.811
0.81
0.809
0.809
0.81
0.813
0.817
0.817
0.817
0.813
0.813
0.813
0.814
0.815
0.818
0.815
0.821
0.821
0.821
0.819
0.821
0.819
0.822
0.822
0.822
0.818
0.822
0.818
0.817
0.817
0.819
0.819
0.822
0.823
0.823
0.823
0.822
0.822
0.822
0.822
0.822
0.822
0.825
0.832
0.825
0.832
0.832
0.831
0.831
0.839
0.841
0.841
0.841
0.841
0.837
0.837
0.841
0.843
0.843
0.843
0.828
0.807
0.794
0.783
0.767
0.759
0.758
0.748
0.739
0.715
0.714
0.701
0.7
0.699
0.671
0.667
0.657
0.65
0.646
0.639
0.63
0.616
0.615
0.605
0.598
0.595
0.594
0.584
0.584
0.572
0.562
0.562
0.561
0.554
0.547
0.543
0.534
0.532
0.528
0.526
0.525
0.518
0.511
0.495
0.495
0.492
0.484
0.48
0.479
0.477
0.476
0.471
0.469
0.464
0.458
0.451
0.451
0.451
0.45
0.45
0.445
0.437
0.432
0.429
0.428
0.418
0.418
0.416
0.415
0.411
0.41
0.405
0.402
0.399
0.399
0.396
0.393
0.393
0.382
0.382
0.381
0.382
0.374
0.374
0.373
0.373
0.364
0.364
0.363
0.362
0.362
0.361
0.358
0.356
0.356
0.356
0.356
0.35
0.35
0.348
0.348
0.348
0.347
0.347
0.338
0.334
0.332
0.332
0.332
0.332
0.331
0.326
0.325
0.322
0.322
0.321
0.317
0.315
0.312
0.311
0.311
0.312
0.311
0.311
0.311
0.31
0.308
0.303
0.303
0.303
0.3
0.299
0.297
0.297
0.297
0.296
0.295
0.295
0.292
0.292
0.291
0.291
0.291
0.29
0.288
0.285
0.283
0.282
0.281
0.281
0.282
0.281
0.28
0.28
0.275
0.274
0.274
0.27
0.27
0.272
0.271
0.272
0.272
0.271
0.266
0.263
0.262
0.258
0.258
0.258
0.262
0.265
0.267
0.267
0.265
0.264
0.264
0.264
0.264
0.264
0.257
0.257
0.257
0.257
0.252
0.252
0.252
0.252
0.251
0.247
0.246
0.246
0.246
0.25
0.251
0.251
0.251
0.251
0.251
0.244
0.244
0.244
0.244
0.241
0.241
0.241
0.241
0.242
0.251
0.251
0.249
0.249
0.245
0.245
0.244
0.244
0.241
0.24
0.239
0.239
0.238
0.238
0.233
0.233
0.233
0.235
0.235
0.235
0.235
0.235
0.234
0.234
0.234
0.243
0.243
0.243
0.239
0.238
0.238
0.234
0.234
0.234
0.234
0.24
0.24
0.24
0.24
0.238
0.236
0.233
0.233
0.232
0.232
0.232
0.232
0.234
0.235
0.235
0.235
0.235
0.232
0.23
0.229
0.23
0.229
0.229
0.227
0.227
0.226
0.227
0.229
0.229
0.227
0.229
0.229
0.227
0.227
0.224
0.224
0.223
0.224
0.233
0.233
0.224
0.224
0.224
0.223
0.223
0.222
0.221
0.221
0.22
0.22
0.222
0.224
0.226
0.227
0.226
0.226
0.226
0.227
0.228
0.232
0.232
0.232
0.232
0.227
0.227
0.227
0.227
0.228
0.23
0.23
0.228
0.228
0.228
0.223
0.223
0.224
0.231
0.232
0.232
0.232
0.233
0.232
0.232
0.235
0.235
0.232
0.232
0.231
0.231
0.226
0.226
0.231
0.231
0.231
0.231
0.231
0.236
0.236
0.236
0.236
0.236
0.238
0.239
0.238
0.233
0.232
0.231
0.231
0.231
0.231
0.233
0.233
0.233
0.233
0.232
0.232
0.232
0.232
0.24
0.24
0.228
0.237
0.237
0.237
0.237
0.237
0.236
0.236
0.236
0.236
0.236
0.237
0.234
0.237
0.239
0.239
0.239
0.239
0.239
0.238
0.239
0.235
0.235
0.236
0.24
0.241
0.244
0.245
0.25
0.25
0.25
0.251
0.251
0.246
0.247
0.247
0.247
0.247
0.247
0.251
0.253
0.25
0.25
0.253
0.25
0.25
0.25
0.25
0.247
0.247
0.247
0.25
0.251
0.255
0.26
0.255
0.252
0.261
0.252
0.252
0.259
0.261
0.268
0.268
0.268
0.264
0.264
0.264
0.266
0.268
0.269
0.27
0.271
0.273
0.276
0.276
0.276
0.277
0.277
0.277
0.277
0.277
0.277
0.277
0.277
0.279
0.28
0.285
0.292
0.292
0.293
0.293
0.293
0.294
0.294
0.294
0.294
0.294
0.292
0.294
0.294
0.303
0.306
0.306
0.306
0.305
0.306
0.305
0.305
0.308
0.311
0.312
0.317
0.317
0.318
0.322
0.322
