0.922
0.924
0.936
0.942
0.944
0.944
0.944
0.945
0.961
0.962
0.969
0.97
0.972
0.974
0.978
0.984
0.991
1.009
1.014
1.016
1.019
1.024
1.026
1.031
1.038
1.04
1.04
1.053
1.054
1.064
1.077
1.08
1.084
1.09
1.106
1.11
1.114
1.114
1.114
1.098
1.08
1.037
0.873
0.785
0.674
0.556
0.482
0.4
0.358
0.316
0.314
0.312
0.307
0.304
0.304
0.304
0.296
0.296
0.296
0.301
0.302
0.304
0.304
0.304
0.306
0.318
0.323
0.323
0.324
0.324
0.325
0.329
0.334
0.335
0.335
0.336
0.336
0.337
0.346
0.35
0.353
0.355
0.357
0.358
0.364
0.364
0.367
0.373
0.374
0.391
0.392
0.395
0.395
0.408
0.412
0.413
0.418
0.423
0.425
0.438
0.441
0.444
0.464
0.469
0.47
0.478
0.482
0.502
0.504
0.51
0.511
0.526
0.538
0.548
0.562
0.574
0.576
0.591
0.604
0.615
0.627
0.644
0.647
0.667
0.68
0.695
0.713
0.729
0.749
0.773
0.779
0.805
0.815
0.841
0.863
0.892
0.92
0.947
0.976
1.003
1.003
1.003
0.994
0.99
0.988
0.99
0.988
0.988
0.988
0.991
0.991
0.991
0.991
0.991
0.993
0.992
0.992
0.992
0.992
0.984
0.984
0.984
0.985
0.99
0.99
0.99
0.989
0.989
0.989
0.994
0.995
0.995
0.995
0.994
0.995
0.995
0.996
0.996
0.996
0.996
0.996
0.996
0.996
0.99
0.99
0.995
0.99
0.995
0.995
0.994
0.99
0.994
0.994
0.994
0.995
0.995
0.993
0.992
0.993
0.993
0.993
0.999
0.999
0.999
0.997
0.998
0.998
0.998
1
1
1
1
1
1.002
1.008
1.008
1.008
1.008
1.008
1.008
1.008
1.008
1.008
1.008
1.006
1.008
1.008
1.007
1.007
1.008
1.022
1.022
1.023
1.023
1.023
1.023
1.026
1.026
1.028
1.029
1.029
1.029
1.03
1.03
1.049
2.319
2.326
2.329
2.335
2.339
2.339
2.339
2.329
2.294
2.258
2.241
2.204
2.184
2.167
2.133
2.113
2.089
2.063
2.035
2.023
1.997
1.982
1.97
1.942
1.925
1.907
1.884
1.862
1.84
1.809
1.805
1.791
1.777
1.762
1.747
1.727
1.714
1.697
1.682
1.674
1.661
1.654
1.628
1.618
1.594
1.583
1.574
1.565
1.561
1.537
1.526
1.506
1.495
1.495
1.486
1.478
1.468
1.454
1.438
1.43
1.423
1.413
1.407
1.382
1.376
1.373
1.364
1.356
1.354
1.335
1.335
1.329
1.322
1.313
1.305
1.299
1.285
1.278
1.274
1.261
1.254
1.252
1.244
1.234
1.227
1.213
1.208
1.207
1.204
1.198
1.191
1.188
1.174
1.173
1.172
1.164
1.153
1.153
1.145
1.143
1.141
1.126
1.119
1.118
1.115
1.108
1.107
1.105
1.102
1.101
1.084
1.083
1.08
1.068
1.065
1.059
1.057
1.051
1.05
1.046
1.039
1.039
1.036
1.033
1.027
1.027
1.022
1.02
1.008
1.004
1.004
0.998
0.998
0.997
0.997
0.996
0.991
0.99
0.976
0.974
0.973
0.969
0.962
0.962
0.959
0.958
0.958
0.955
0.946
0.946
0.946
0.94
0.939
0.939
0.938
0.938
0.938
0.931
0.925
0.922
0.922
0.917
0.917
0.914
0.911
0.909
0.909
0.907
0.897
0.893
0.893
0.893
0.893
0.888
0.888
0.881
0.881
0.881
0.881
0.878
0.883
0.874
0.874
0.869
0.869
0.869
0.87
0.87
0.87
0.863
0.861
0.858
0.858
0.858
0.853
0.853
0.854
0.854
0.847
0.843
0.842
0.839
0.839
0.842
0.842
0.834
0.836
0.834
0.828
0.828
0.83
0.828
0.828
0.828
0.822
0.816
0.809
0.714
0.672
0.658
0.658
0.658
0.659
0.661
0.662
0.717
0.803
0.803
0.803
0.803
0.803
0.806
0.806
0.806
0.804
0.801
0.801
0.801
0.801
0.801
0.796
0.793
0.792
0.781
0.781
0.782
0.791
0.782
0.786
0.786
0.777
0.777
0.771
0.757
0.543
0.441
0.399
0.395
0.39
0.389
0.389
0.383
0.38
0.378
0.378
0.375
0.375
0.373
0.365
0.365
0.368
0.367
0.368
0.368
0.367
0.366
0.36
0.359
0.359
0.36
0.365
0.365
0.366
0.366
0.366
0.366
0.368
0.366
0.368
0.366
0.366
0.364
0.364
0.364
0.364
0.37
0.371
0.37
0.363
0.367
0.367
0.367
0.368
0.371
0.371
0.372
0.373
0.373
0.373
0.376
0.379
0.38
0.38
0.386
0.386
0.388
0.401
0.424
0.508
0.723
0.759
0.768
0.77
0.772
0.776
0.786
0.786
0.786
0.785
0.785
0.784
0.784
0.782
0.782
0.782
0.787
0.789
0.789
0.789
0.789
0.788
0.785
0.788
0.785
0.779
0.778
0.778
0.778
0.783
0.784
0.785
0.785
0.785
0.768
0.761
0.73
0.73
0.716
0.708
0.701
0.678
0.675
0.671
0.657
0.648
0.646
0.632
0.624
0.621
0.619
0.603
0.601
0.595
0.591
0.577
0.568
0.559
0.559
0.554
0.554
0.544
0.543
0.531
0.53
0.527
0.524
0.521
0.508
0.502
0.501
0.499
0.499
0.496
0.483
0.483
0.469
0.466
0.464
0.459
0.453
0.453
0.453
0.453
0.449
0.446
0.431
0.431
0.428
0.424
0.424
0.415
0.411
0.411
0.41
0.405
0.405
0.405
0.402
0.402
0.396
0.393
0.391
0.391
0.383
0.381
0.374
0.37
0.366
0.361
0.361
0.365
0.361
0.363
0.363
0.356
0.356
0.356
0.353
0.352
0.35
0.346
0.344
0.336
0.335
0.332
0.332
0.332
0.333
0.334
0.334
0.333
0.325
0.321
0.321
0.32
0.317
0.317
0.31
0.305
0.305
0.309
0.309
0.309
0.309
0.305
0.305
0.305
0.305
0.299
0.296
0.296
0.296
0.291
0.287
0.285
0.285
0.282
0.281
0.281
0.282
0.282
0.281
0.286
0.286
0.277
0.277
0.278
0.277
0.277
0.277
0.274
0.268
0.268
0.266
0.268
0.268
0.268
0.267
0.267
0.265
0.265
0.265
0.265
0.265
0.262
0.262
0.261
0.257
0.257
0.255
0.252
0.252
0.252
0.252
0.256
0.256
0.25
0.25
0.249
0.249
0.249
0.246
0.246
0.247
0.247
0.247
0.247
0.249
0.251
0.251
0.251
0.251
0.251
0.248
0.252
0.252
0.249
0.238
0.238
0.237
0.237
0.237
0.237
0.237
0.237
0.237
0.237
0.237
0.236
0.233
0.232
0.232
0.232
0.233
0.236
0.236
0.237
0.236
0.236
0.234
0.236
0.235
0.23
0.235
0.235
0.229
0.228
0.229
0.229
0.229
0.229
0.23
0.234
0.232
0.232
0.233
0.233
0.232
0.225
0.225
0.225
0.225
0.225
0.225
0.225
0.226
0.223
0.223
0.225
0.228
0.225
0.225
0.227
0.227
0.222
0.221
0.227
0.224
0.224
0.229
0.232
0.229
0.229
0.222
0.221
0.219
0.219
0.219
0.217
0.217
0.217
0.217
0.215
0.22
0.219
0.219
0.219
0.22
0.22
0.225
0.225
0.225
0.225
0.224
0.217
0.217
0.218
0.218
0.22
0.22
0.218
0.217
0.217
0.216
0.216
0.216
0.216
0.212
0.209
0.21
0.212
0.21
0.21
0.219
0.219
0.21
0.21
0.209
0.209
0.21
0.214
0.215
0.215
0.215
0.215
0.215
0.215
0.217
0.217
0.217
0.218
0.215
0.215
0.218
0.218
0.216
0.218
0.218
0.219
0.22
0.22
0.221
0.219
0.219
0.218
0.218
0.218
0.218
0.223
0.223
0.221
0.221
0.221
0.217
0.215
0.217
0.217
0.217
0.219
0.219
0.217
0.217
0.217
0.217
0.219
0.223
0.226
0.223
0.221
0.226
0.226
0.227
0.227
0.227
0.227
0.227
0.225
0.224
0.224
0.218
0.218
0.218
0.218
0.218
0.218
0.219
0.224
0.224
0.224
0.227
0.227
0.228
0.228
0.228
0.228
0.228
0.224
0.228
0.224
0.224
0.222
0.222
0.222
0.224
0.224
0.224
0.224
0.223
0.223
0.223
0.232
0.232
0.232
0.226
0.226
0.226
0.226
0.229
0.229
0.229
0.229
0.229
0.229
0.229
0.229
0.233
0.243
0.238
0.244
0.244
0.244
0.244
0.244
0.246
0.242
0.242
0.24
0.242
0.242
0.245
0.247
0.247
0.247
0.247
0.247
0.247
0.254
0.254
0.254
0.25
0.25
0.25
0.257
0.257
0.257
0.254
0.254
0.254
0.254
0.254
0.254
0.254
0.254
0.259
0.26
0.265
0.265
0.26
0.254
0.251
0.251
0.251
0.26
0.263
0.263
0.271
0.274
0.275
0.276
0.277
0.28
0.28
0.279
0.28
0.28
0.279
0.279
0.28
0.291
0.291
0.296
0.296
0.296
0.292
0.296
0.297
0.297
0.297
0.297
0.297
0.299
0.299
0.299
0.305
0.305
