1.355
1.356
1.356
1.355
1.353
1.351
1.344
1.334
1.325
1.32
1.314
1.313
1.313
1.313
1.304
1.301
1.293
1.279
1.277
1.277
1.268
1.267
1.264
1.263
1.258
1.252
1.25
1.239
1.238
1.238
1.233
1.233
1.222
1.217
1.214
1.213
1.208
1.208
1.204
1.203
1.199
1.192
1.192
1.199
1.212
1.224
1.232
1.233
1.245
1.262
1.275
1.284
1.298
1.3
1.315
1.316
1.337
1.342
1.347
1.359
1.367
1.382
1.4
1.417
1.42
1.438
1.441
1.462
1.481
1.491
1.502
1.516
1.52
1.533
1.54
1.572
1.572
1.572
1.551
1.551
1.551
1.579
1.62
1.62
1.62
0.295
0.282
0.273
0.273
0.273
0.271
0.271
0.271
0.265
0.264
0.265
0.263
0.261
0.261
0.261
0.261
0.261
0.259
0.259
0.261
0.263
0.27
0.274
0.278
0.288
0.292
0.293
0.294
0.303
0.307
0.315
0.328
0.328
0.33
0.329
0.329
0.334
0.335
0.353
0.356
0.357
0.359
0.367
0.374
0.378
0.385
0.395
0.401
0.402
0.414
0.421
0.43
0.433
0.434
0.455
0.467
0.478
0.494
0.498
0.51
0.516
0.517
0.518
0.518
0.518
0.518
0.518
0.518
0.518
0.518
0.518
0.518
0.518
0.517
0.518
0.517
0.502
0.502
0.51
0.51
0.515
0.515
0.515
0.515
0.515
0.518
0.515
0.517
0.517
0.517
0.515
0.517
0.524
0.524
0.524
0.524
0.517
0.517
0.517
0.517
0.517
0.514
0.513
0.512
0.513
0.513
0.52
0.52
0.52
0.519
0.519
0.519
0.519
0.516
0.516
0.519
0.526
0.522
0.523
0.523
0.523
0.523
0.524
0.524
0.524
0.526
0.524
0.525
0.526
0.525
0.524
0.525
0.523
0.523
0.527
0.528
0.528
0.529
0.528
0.528
0.527
0.527
0.527
0.531
0.531
0.531
0.531
0.531
0.531
0.531
0.532
0.533
0.536
0.536
0.539
0.539
0.539
0.539
0.539
0.539
0.538
0.538
0.54
0.54
0.54
0.54
0.544
0.544
0.544
0.545
0.545
0.545
0.549
0.547
0.55
0.547
0.552
0.551
0.554
0.552
0.552
0.552
0.555
0.555
0.556
0.556
0.557
0.565
0.566
0.566
0.566
0.566
0.566
0.566
0.566
0.573
0.576
0.576
0.576
0.576
0.58
0.582
0.584
0.584
0.582
0.584
0.583
0.583
0.584
0.592
0.594
0.594
0.594
0.594
0.594
0.594
0.6
0.605
0.605
0.605
0.606
0.607
0.608
0.609
0.609
0.61
0.614
0.617
0.62
0.62
0.624
0.624
0.626
0.626
0.627
0.628
0.63
0.639
0.639
0.644
0.645
0.645
0.648
0.649
0.649
0.652
0.652
0.649
0.649
0.658
0.658
0.669
0.669
0.67
0.672
0.672
0.68
0.684
0.685
0.685
0.684
0.685
0.698
0.698
0.7
0.7
0.707
0.706
0.706
0.71
0.718
0.718
0.72
0.727
0.727
0.727
0.736
0.739
0.741
0.743
0.744
0.745
0.748
0.749
0.762
0.772
0.775
0.775
0.775
0.779
0.785
0.786
0.787
0.799
0.8
0.802
0.802
0.81
0.814
0.815
0.821
0.822
0.829
0.835
0.84
0.848
0.848
0.852
0.861
0.861
0.87
0.883
0.888
0.888
0.893
0.894
0.899
0.905
0.914
0.917
0.924
0.935
0.942
0.948
0.955
0.957
0.959
0.959
0.963
0.963
0.963
0.957
0.955
0.945
0.944
0.944
0.943
0.937
0.935
0.931
0.931
0.925
0.925
0.925
0.925
0.925
0.929
0.929
0.924
0.924
0.916
0.911
0.911
0.911
0.907
0.906
0.906
0.896
0.894
0.894
0.894
0.894
0.894
0.891
0.889
0.886
0.885
0.885
0.885
0.882
0.88
0.88
0.88
0.88
0.875
0.873
0.872
0.87
0.87
0.865
0.865
0.863
0.859
0.859
0.859
0.861
0.862
0.862
0.861
0.861
0.853
0.852
0.853
0.851
0.851
0.851
0.854
0.851
0.843
0.839
0.837
0.837
0.833
0.834
0.834
0.834
0.831
0.831
0.83
0.828
0.822
0.818
0.817
0.812
0.811
0.811
0.813
0.813
0.816
0.816
0.816
0.814
0.811
0.809
0.809
0.809
0.811
0.812
0.817
0.817
0.817
0.817
0.816
0.815
0.812
0.812
0.812
0.81
0.81
0.81
0.808
0.808
0.818
0.81
0.814
0.814
0.814
0.814
0.814
0.813
0.813
0.809
0.807
0.807
0.807
0.807
0.807
0.806
0.806
0.806
0.807
0.807
0.807
0.747
0.733
0.732
0.73
0.732
0.732
0.754
0.809
0.811
0.811
0.82
0.819
0.814
0.819
0.819
0.819
0.817
0.819
0.817
0.817
0.815
0.813
0.757
0.617
0.559
0.541
0.541
0.535
0.535
0.535
0.522
0.522
0.526
0.526
0.527
0.527
0.527
0.522
0.522
0.522
0.522
0.523
0.524
0.523
0.524
0.524
0.525
0.525
0.525
0.525
0.525
0.524
0.524
0.524
0.524
0.532
0.532
0.532
0.533
0.535
0.535
0.535
0.535
0.539
0.542
0.543
0.55
0.559
0.58
0.635
0.636
0.636
0.635
0.618
0.604
0.598
0.591
0.589
0.589
0.588
0.585
0.573
0.561
0.559
0.555
0.552
0.542
0.542
0.529
0.528
0.522
0.521
0.518
0.516
0.516
0.505
0.501
0.482
0.482
0.482
0.482
0.479
0.477
0.47
0.464
0.464
0.456
0.452
0.448
0.447
0.439
0.435
0.434
0.426
0.426
0.426
0.426
0.425
0.425
0.421
0.409
0.409
0.407
0.407
0.407
0.402
0.401
0.393
0.393
0.392
0.384
0.384
0.384
0.382
0.379
0.376
0.376
0.374
0.368
0.368
0.367
0.367
0.364
0.364
0.364
0.361
0.357
0.357
0.356
0.355
0.35
0.35
0.35
0.35
0.342
0.336
0.336
0.336
0.335
0.333
0.332
0.332
0.332
0.329
0.329
0.322
0.322
0.32
0.319
0.318
0.318
0.318
0.318
0.314
0.31
0.307
0.306
0.306
0.305
0.305
0.299
0.299
0.297
0.297
0.299
0.301
0.299
0.299
0.297
0.297
0.297
0.295
0.295
0.282
0.282
0.282
0.282
0.285
0.286
0.287
0.286
0.286
0.272
0.272
0.272
0.272
0.272
0.272
0.278
0.273
0.273
0.27
0.272
0.269
0.268
0.268
0.268
0.268
0.265
0.27
0.27
0.265
0.26
0.258
0.258
0.26
0.26
0.265
0.265
0.261
0.259
0.259
0.259
0.259
0.259
0.258
0.256
0.253
0.253
0.252
0.252
0.253
0.249
0.249
0.249
0.252
0.241
0.24
0.24
0.24
0.24
0.241
0.242
0.244
0.248
0.249
0.249
0.249
0.251
0.249
0.249
0.248
0.239
0.239
0.239
0.239
0.239
0.242
0.242
0.24
0.24
0.24
0.24
0.237
0.237
0.242
0.242
0.242
0.242
0.239
0.238
0.239
0.239
0.238
0.238
0.237
0.237
0.237
0.237
0.236
0.239
0.236
0.235
0.232
0.235
0.232
0.235
0.232
0.235
0.234
0.235
0.235
0.235
0.234
0.235
0.23
0.23
0.231
0.231
0.23
0.229
0.229
0.225
0.228
0.228
0.229
0.229
0.23
0.231
0.231
0.233
0.233
0.233
0.229
0.229
0.225
0.229
0.224
0.224
0.224
0.224
0.224
0.226
0.226
0.226
0.226
0.223
0.222
0.222
0.222
0.223
0.222
0.224
0.224
0.226
0.226
0.226
0.227
0.227
0.228
0.228
0.228
0.228
0.23
0.234
0.23
0.23
0.23
0.23
0.23
0.23
0.23
0.229
0.227
0.224
0.224
0.224
0.223
0.224
0.229
0.222
0.229
0.231
0.231
0.231
0.234
0.234
0.23
0.231
0.231
0.231
0.232
0.233
0.233
0.233
0.233
0.231
0.229
0.227
0.226
0.225
0.225
0.225
0.231
0.232
0.234
0.234
0.234
0.235
0.235
0.232
0.231
0.231
0.231
0.231
0.232
0.232
0.232
0.229
0.229
0.229
0.234
0.233
0.233
0.234
0.235
0.233
0.239
0.239
0.239
0.238
0.243
0.238
0.236
0.236
0.237
0.237
0.238
0.239
0.238
0.239
0.241
0.242
0.241
0.242
0.243
0.242
0.239
0.244
0.244
0.24
0.244
0.245
0.247
0.251
0.251
0.251
0.246
0.245
0.245
0.246
0.246
0.248
0.248
0.251
0.251
0.251
0.248
0.249
0.249
0.249
0.249
0.253
0.253
0.253
0.253
0.255
0.267
0.267
0.267
0.261
0.257
0.257
0.261
0.265
0.265
0.265
0.262
0.262
0.262
0.266
0.266
0.266
0.266
0.27
0.27
0.271
0.275
0.276
0.28
0.28
0.28
0.276
0.28
0.279
0.279
0.28
0.283
0.283
0.283
0.282
0.282
0.282
0.282
0.282
0.282
0.29
0.29
0.286
0.29
0.293
0.301
0.302
0.302
0.302
0.306
0.306
0.308
0.309
0.311
0.308
0.311
0.311
0.31
0.31
0.311
0.311
0.311
0.313
0.316
0.317
0.316
