1.337
1.337
1.337
1.324
1.322
1.319
1.315
1.31
1.306
1.297
1.297
1.289
1.285
1.283
1.28
1.276
1.261
1.261
1.26
1.26
1.256
1.253
1.242
1.238
1.235
1.229
1.228
1.222
1.222
1.216
1.216
1.209
1.207
1.196
1.194
1.193
1.194
1.194
1.205
1.227
1.23
1.248
1.259
1.267
1.283
1.285
1.296
1.297
1.313
1.313
1.333
1.335
1.356
1.356
1.375
1.377
1.393
1.406
1.42
1.43
1.437
1.456
1.475
1.486
1.501
1.519
1.523
1.553
1.56
1.568
1.568
1.568
1.552
1.552
1.552
1.58
1.607
1.607
1.607
0.319
0.276
0.275
0.269
0.269
0.264
0.263
0.263
0.262
0.262
0.262
0.26
0.259
0.26
0.26
0.26
0.26
0.261
0.263
0.263
0.263
0.269
0.272
0.275
0.284
0.29
0.292
0.292
0.298
0.305
0.306
0.309
0.321
0.327
0.33
0.33
0.33
0.331
0.344
0.348
0.355
0.359
0.363
0.37
0.377
0.388
0.4
0.4
0.411
0.416
0.422
0.432
0.439
0.448
0.463
0.474
0.476
0.495
0.499
0.511
0.517
0.522
0.524
0.524
0.522
0.517
0.517
0.514
0.517
0.519
0.523
0.523
0.523
0.513
0.511
0.511
0.51
0.51
0.51
0.512
0.513
0.513
0.514
0.515
0.517
0.518
0.518
0.518
0.518
0.518
0.516
0.516
0.516
0.516
0.516
0.517
0.517
0.517
0.516
0.514
0.513
0.512
0.513
0.513
0.516
0.524
0.524
0.524
0.52
0.519
0.513
0.513
0.513
0.516
0.519
0.519
0.519
0.516
0.515
0.515
0.517
0.517
0.524
0.528
0.528
0.528
0.525
0.525
0.524
0.525
0.524
0.527
0.53
0.53
0.521
0.523
0.523
0.523
0.527
0.528
0.53
0.531
0.531
0.533
0.533
0.533
0.533
0.533
0.533
0.533
0.533
0.533
0.53
0.53
0.526
0.525
0.525
0.526
0.532
0.533
0.537
0.54
0.54
0.541
0.54
0.54
0.543
0.543
0.54
0.545
0.545
0.545
0.546
0.547
0.55
0.554
0.552
0.553
0.553
0.555
0.555
0.556
0.558
0.558
0.561
0.561
0.565
0.566
0.566
0.567
0.567
0.566
0.566
0.566
0.566
0.572
0.581
0.581
0.581
0.577
0.572
0.572
0.572
0.573
0.579
0.579
0.58
0.581
0.581
0.588
0.588
0.595
0.601
0.601
0.602
0.602
0.602
0.602
0.602
0.603
0.606
0.608
0.609
0.61
0.615
0.618
0.618
0.618
0.624
0.624
0.627
0.63
0.63
0.63
0.636
0.636
0.637
0.636
0.637
0.637
0.638
0.642
0.642
0.645
0.645
0.645
0.652
0.656
0.657
0.656
0.657
0.659
0.667
0.667
0.667
0.673
0.673
0.683
0.683
0.684
0.684
0.695
0.702
0.702
0.701
0.703
0.701
0.701
0.705
0.705
0.706
0.709
0.723
0.726
0.73
0.733
0.735
0.735
0.739
0.743
0.744
0.744
0.751
0.753
0.754
0.759
0.768
0.768
0.768
0.78
0.78
0.781
0.785
0.785
0.799
0.805
0.805
0.807
0.818
0.821
0.825
0.828
0.831
0.838
0.838
0.845
0.851
0.853
0.858
0.86
0.862
0.863
0.878
0.881
0.89
0.894
0.904
0.905
0.905
0.908
0.915
0.931
0.931
0.936
0.945
0.955
0.959
0.961
0.961
0.961
0.96
0.96
0.953
0.951
0.949
0.949
0.946
0.944
0.944
0.939
0.938
0.931
0.925
0.919
0.918
0.917
0.916
0.902
0.861
0.568
0.473
0.422
0.401
0.397
0.397
0.397
0.393
0.391
0.388
0.388
0.386
0.383
0.383
0.386
0.385
0.385
0.385
0.377
0.377
0.377
0.38
0.38
0.38
0.379
0.378
0.371
0.371
0.375
0.376
0.375
0.376
0.378
0.378
0.376
0.378
0.377
0.376
0.374
0.374
0.374
0.373
0.373
0.37
0.37
0.37
0.37
0.372
0.374
0.374
0.372
0.372
0.374
0.382
0.383
0.388
0.391
0.393
0.393
0.396
0.401
0.401
0.449
0.559
0.776
0.794
0.806
0.807
0.807
0.806
0.806
0.805
0.802
0.785
0.666
0.567
0.564
0.562
0.56
0.56
0.561
0.561
0.561
0.57
0.669
0.792
0.805
0.812
0.814
0.814
0.812
0.811
0.809
0.809
0.809
0.81
0.813
0.818
0.818
0.818
0.814
0.811
0.811
0.807
0.807
0.81
0.81
0.809
0.809
0.805
0.805
0.804
0.804
0.809
0.811
0.811
0.813
0.816
0.816
0.818
0.819
0.822
0.822
0.822
0.822
0.822
0.822
0.824
0.824
0.824
0.822
0.816
0.816
0.816
0.827
0.827
0.827
0.822
0.822
0.822
0.825
0.825
0.826
0.826
0.825
0.826
0.831
0.826
0.825
0.825
0.825
0.825
0.829
0.829
0.832
0.835
0.837
0.837
0.837
0.837
0.837
0.841
0.841
0.841
0.841
0.839
0.832
0.808
0.803
0.782
0.77
0.766
0.755
0.744
0.736
0.724
0.718
0.708
0.694
0.684
0.679
0.668
0.661
0.66
0.641
0.636
0.633
0.627
0.619
0.615
0.605
0.599
0.592
0.579
0.572
0.57
0.563
0.561
0.557
0.551
0.549
0.542
0.533
0.53
0.529
0.515
0.515
0.512
0.509
0.506
0.495
0.494
0.491
0.483
0.483
0.48
0.48
0.474
0.465
0.465
0.461
0.461
0.461
0.453
0.446
0.443
0.441
0.432
0.43
0.428
0.427
0.425
0.417
0.416
0.416
0.416
0.415
0.408
0.408
0.404
0.4
0.4
0.397
0.397
0.397
0.388
0.383
0.382
0.375
0.375
0.375
0.374
0.373
0.375
0.373
0.367
0.365
0.359
0.359
0.358
0.357
0.357
0.346
0.346
0.346
0.343
0.34
0.34
0.34
0.336
0.336
0.336
0.336
0.332
0.332
0.332
0.329
0.326
0.324
0.324
0.322
0.322
0.322
0.322
0.322
0.322
0.316
0.315
0.311
0.315
0.311
0.309
0.309
0.307
0.307
0.304
0.301
0.304
0.304
0.301
0.296
0.302
0.296
0.295
0.293
0.293
0.293
0.293
0.293
0.292
0.289
0.289
0.287
0.28
0.285
0.282
0.282
0.282
0.282
0.282
0.28
0.279
0.276
0.276
0.274
0.274
0.271
0.266
0.266
0.266
0.266
0.266
0.266
0.267
0.266
0.264
0.266
0.26
0.26
0.26
0.26
0.259
0.259
0.259
0.259
0.26
0.26
0.258
0.258
0.258
0.256
0.256
0.254
0.253
0.248
0.248
0.246
0.246
0.251
0.251
0.245
0.251
0.245
0.243
0.243
0.244
0.244
0.245
0.245
0.245
0.245
0.245
0.244
0.244
0.244
0.249
0.243
0.249
0.243
0.243
0.243
0.247
0.247
0.247
0.247
0.247
0.246
0.239
0.239
0.239
0.238
0.237
0.236
0.236
0.235
0.236
0.236
0.238
0.236
0.238
0.238
0.237
0.234
0.234
0.233
0.234
0.234
0.241
0.241
0.241
0.238
0.234
0.234
0.237
0.238
0.237
0.24
0.24
0.235
0.23
0.232
0.232
0.232
0.232
0.236
0.236
0.226
0.226
0.232
0.228
0.232
0.232
0.228
0.226
0.226
0.226
0.228
0.228
0.228
0.228
0.228
0.228
0.231
0.231
0.231
0.225
0.225
0.224
0.224
0.226
0.226
0.224
0.224
0.224
0.224
0.224
0.227
0.227
0.227
0.227
0.227
0.227
0.227
0.221
0.221
0.227
0.227
0.232
0.232
0.232
0.232
0.226
0.226
0.227
0.226
0.226
0.226
0.226
0.226
0.229
0.23
0.233
0.233
0.234
0.233
0.233
0.23
0.227
0.226
0.226
0.227
0.232
0.232
0.232
0.229
0.229
0.229
0.229
0.23
0.23
0.233
0.23
0.238
0.233
0.238
0.235
0.235
0.235
0.235
0.227
0.227
0.228
0.227
0.228
0.23
0.237
0.237
0.239
0.237
0.232
0.232
0.232
0.232
0.232
0.232
0.232
0.234
0.234
0.241
0.241
0.241
0.241
0.24
0.24
0.24
0.24
0.239
0.238
0.239
0.238
0.239
0.235
0.235
0.235
0.238
0.238
0.247
0.247
0.247
0.243
0.243
0.243
0.243
0.243
0.244
0.243
0.243
0.245
0.247
0.247
0.253
0.253
0.248
0.253
0.249
0.249
0.254
0.254
0.254
0.254
0.254
0.252
0.254
0.252
0.252
0.252
0.251
0.251
0.251
0.251
0.255
0.255
0.255
0.255
0.255
0.257
0.26
0.264
0.264
0.265
0.265
0.264
0.262
0.264
0.264
0.266
0.271
0.271
0.272
0.272
0.272
0.272
0.273
0.273
0.273
0.273
0.273
0.276
0.276
0.278
0.284
0.284
0.284
0.284
0.283
0.283
0.283
0.284
0.289
0.29
0.29
0.29
0.29
0.29
0.29
0.297
0.298
0.302
0.302
0.302
0.305
0.308
0.308
0.308
0.308
0.306
0.305
0.305
0.306
0.31
0.31
0.316
0.321
0.321
0.322
0.324
0.324
0.326
0.326
0.326
0.329
0.329
