1.374
1.374
1.374
1.361
1.36
1.347
1.341
1.339
1.337
1.334
1.327
1.323
1.321
1.313
1.307
1.305
1.304
1.298
1.291
1.29
1.274
1.271
1.27
1.264
1.262
1.256
1.254
1.245
1.244
1.242
1.238
1.235
1.232
1.232
1.229
1.228
1.227
1.222
1.222
1.222
1.225
1.225
1.243
1.252
1.258
1.266
1.271
1.275
1.294
1.3
1.315
1.322
1.335
1.34
1.344
1.356
1.362
1.367
1.374
1.374
1.367
1.266
1.266
1.266
1.359
1.359
1.359
0.306
0.284
0.275
0.275
0.274
0.271
0.272
0.272
0.271
0.267
0.27
0.267
0.267
0.267
0.27
0.273
0.276
0.279
0.28
0.28
0.28
0.291
0.291
0.292
0.296
0.296
0.297
0.305
0.305
0.305
0.306
0.306
0.311
0.323
0.323
0.326
0.326
0.332
0.339
0.341
0.344
0.344
0.353
0.36
0.365
0.368
0.371
0.376
0.376
0.378
0.381
0.392
0.398
0.408
0.41
0.412
0.424
0.432
0.439
0.446
0.457
0.468
0.468
0.48
0.499
0.512
0.515
0.519
0.528
0.528
0.528
0.527
0.525
0.523
0.525
0.527
0.525
0.523
0.523
0.516
0.515
0.513
0.509
0.507
0.507
0.507
0.508
0.508
0.512
0.513
0.515
0.517
0.517
0.517
0.517
0.517
0.518
0.518
0.518
0.516
0.51
0.51
0.515
0.51
0.515
0.519
0.519
0.519
0.519
0.519
0.521
0.521
0.521
0.521
0.523
0.522
0.522
0.513
0.513
0.513
0.513
0.513
0.516
0.517
0.517
0.517
0.515
0.515
0.515
0.517
0.517
0.518
0.518
0.518
0.518
0.524
0.524
0.524
0.524
0.524
0.52
0.523
0.523
0.521
0.521
0.523
0.529
0.529
0.529
0.526
0.526
0.524
0.522
0.522
0.522
0.522
0.523
0.523
0.523
0.523
0.523
0.53
0.532
0.532
0.533
0.533
0.533
0.53
0.533
0.53
0.534
0.531
0.533
0.531
0.531
0.531
0.531
0.531
0.538
0.538
0.538
0.538
0.538
0.538
0.538
0.538
0.543
0.54
0.543
0.545
0.545
0.545
0.545
0.544
0.544
0.549
0.549
0.552
0.552
0.549
0.55
0.55
0.55
0.555
0.565
0.567
0.567
0.567
0.568
0.568
0.571
0.572
0.572
0.574
0.58
0.58
0.58
0.58
0.58
0.581
0.581
0.581
0.575
0.581
0.586
0.586
0.596
0.596
0.596
0.596
0.596
0.596
0.597
0.6
0.6
0.6
0.607
0.607
0.61
0.61
0.61
0.61
0.61
0.618
0.618
0.619
0.619
0.617
0.617
0.619
0.619
0.619
0.622
0.626
0.629
0.63
0.636
0.638
0.638
0.643
0.645
0.649
0.649
0.651
0.65
0.65
0.656
0.663
0.665
0.667
0.672
0.674
0.678
0.674
0.673
0.674
0.679
0.679
0.681
0.684
0.688
0.695
0.695
0.697
0.697
0.7
0.7
0.71
0.713
0.717
0.721
0.721
0.722
0.725
0.725
0.729
0.737
0.744
0.744
0.752
0.752
0.752
0.752
0.758
0.763
0.764
0.778
0.778
0.779
0.779
0.784
0.785
0.789
0.792
0.795
0.805
0.808
0.816
0.823
0.825
0.826
0.835
0.84
0.842
0.846
0.853
0.856
0.861
0.862
0.868
0.87
0.877
0.886
0.894
0.896
0.904
0.908
0.912
0.914
0.926
0.931
0.933
0.937
0.937
0.937
0.937
0.935
0.934
0.933
0.929
0.929
0.921
0.919
0.918
0.917
0.914
0.913
0.912
0.912
0.907
0.907
0.905
0.904
0.901
0.896
0.896
0.895
0.894
0.891
0.89
0.883
0.883
0.882
0.879
0.879
0.879
0.874
0.874
0.871
0.871
0.868
0.864
0.861
0.857
0.856
0.856
0.854
0.854
0.853
0.853
0.85
0.848
0.842
0.842
0.842
0.842
0.842
0.842
0.836
0.836
0.836
0.836
0.83
0.837
0.837
0.83
0.839
0.839
0.833
0.833
0.833
0.827
0.824
0.823
0.823
0.823
0.823
0.819
0.818
0.818
0.816
0.815
0.816
0.815
0.814
0.803
0.803
0.802
0.803
0.802
0.794
0.794
0.794
0.793
0.793
0.789
0.789
0.796
0.796
0.788
0.788
0.787
0.787
0.787
0.788
0.789
0.792
0.792
0.797
0.796
0.792
0.796
0.797
0.797
0.798
0.798
0.798
0.798
0.793
0.791
0.791
0.793
0.791
0.791
0.791
0.788
0.784
0.783
0.783
0.784
0.784
0.788
0.788
0.784
0.784
0.789
0.785
0.785
0.785
0.785
0.785
0.791
0.791
0.791
0.761
0.742
0.734
0.734
0.734
0.74
0.749
0.797
0.797
0.797
0.8
0.8
0.797
0.799
0.8
0.799
0.797
0.779
0.631
0.561
0.558
0.552
0.552
0.552
0.552
0.545
0.551
0.545
0.543
0.539
0.539
0.539
0.539
0.54
0.54
0.541
0.541
0.541
0.542
0.542
0.542
0.542
0.542
0.542
0.543
0.543
0.543
0.536
0.536
0.536
0.539
0.542
0.543
0.551
0.552
0.553
0.553
0.553
0.553
0.555
0.555
0.56
0.581
0.657
0.657
0.657
0.646
0.641
0.633
0.626
0.62
0.618
0.614
0.604
0.601
0.593
0.589
0.576
0.571
0.57
0.566
0.564
0.55
0.547
0.542
0.539
0.53
0.525
0.524
0.514
0.506
0.504
0.5
0.498
0.494
0.494
0.494
0.492
0.476
0.476
0.476
0.468
0.463
0.461
0.453
0.446
0.446
0.443
0.442
0.432
0.43
0.43
0.428
0.425
0.424
0.421
0.42
0.42
0.416
0.405
0.405
0.403
0.403
0.4
0.4
0.399
0.394
0.394
0.392
0.384
0.384
0.381
0.381
0.381
0.374
0.373
0.373
0.369
0.369
0.365
0.364
0.362
0.358
0.351
0.35
0.35
0.35
0.35
0.35
0.347
0.348
0.347
0.343
0.343
0.336
0.336
0.335
0.336
0.333
0.331
0.333
0.324
0.324
0.326
0.326
0.323
0.32
0.32
0.314
0.311
0.311
0.305
0.304
0.303
0.302
0.299
0.299
0.298
0.298
0.298
0.298
0.293
0.287
0.287
0.287
0.287
0.287
0.291
0.287
0.284
0.282
0.282
0.282
0.285
0.285
0.285
0.276
0.275
0.272
0.272
0.275
0.275
0.276
0.28
0.276
0.276
0.276
0.271
0.27
0.268
0.268
0.268
0.265
0.265
0.265
0.265
0.265
0.264
0.264
0.263
0.263
0.261
0.261
0.257
0.257
0.254
0.251
0.251
0.251
0.247
0.251
0.251
0.254
0.251
0.252
0.252
0.249
0.249
0.252
0.25
0.255
0.255
0.25
0.247
0.246
0.246
0.242
0.246
0.246
0.242
0.242
0.247
0.245
0.245
0.246
0.245
0.245
0.246
0.247
0.248
0.248
0.247
0.247
0.248
0.248
0.248
0.248
0.238
0.238
0.238
0.238
0.239
0.24
0.24
0.239
0.236
0.236
0.235
0.234
0.232
0.234
0.232
0.234
0.234
0.235
0.235
0.236
0.236
0.236
0.235
0.235
0.235
0.235
0.235
0.235
0.23
0.23
0.23
0.231
0.231
0.231
0.229
0.229
0.229
0.239
0.239
0.239
0.235
0.235
0.232
0.226
0.234
0.234
0.234
0.234
0.234
0.235
0.23
0.23
0.23
0.233
0.229
0.229
0.229
0.224
0.224
0.233
0.233
0.232
0.233
0.232
0.231
0.229
0.228
0.227
0.228
0.228
0.227
0.227
0.227
0.225
0.224
0.224
0.225
0.221
0.221
0.225
0.226
0.228
0.228
0.228
0.228
0.228
0.228
0.227
0.227
0.228
0.227
0.226
0.225
0.225
0.225
0.225
0.227
0.227
0.229
0.229
0.226
0.222
0.222
0.222
0.227
0.227
0.227
0.226
0.224
0.224
0.224
0.227
0.227
0.228
0.227
0.225
0.225
0.226
0.226
0.226
0.229
0.229
0.227
0.227
0.23
0.23
0.231
0.231
0.231
0.231
0.233
0.233
0.233
0.231
0.228
0.228
0.229
0.229
0.233
0.233
0.234
0.234
0.234
0.234
0.236
0.236
0.243
0.243
0.236
0.234
0.236
0.235
0.235
0.235
0.235
0.235
0.238
0.242
0.238
0.238
0.238
0.237
0.237
0.234
0.243
0.243
0.244
0.244
0.246
0.246
0.244
0.239
0.239
0.239
0.243
0.246
0.246
0.246
0.246
0.245
0.245
0.246
0.247
0.247
0.247
0.247
0.247
0.247
0.249
0.249
0.249
0.249
0.252
0.252
0.254
0.26
0.262
0.26
0.26
0.26
0.264
0.259
0.264
0.264
0.264
0.267
0.267
0.264
0.264
0.264
0.264
0.264
0.265
0.267
0.268
0.268
0.269
0.269
0.269
0.273
0.273
0.275
0.28
0.284
0.28
0.284
0.284
0.284
0.28
0.28
0.278
0.278
0.278
0.284
0.284
0.288
0.29
0.29
0.29
0.29
0.288
0.288
0.288
0.288
0.303
0.303
0.303
0.304
0.303
0.304
0.306
0.307
0.31
0.312
0.313
0.313
0.313
0.313
0.313
0.315
0.315
0.315
