0.597
0.601
0.607
0.609
0.61
0.611
0.617
0.619
0.619
0.62
0.625
0.63
0.64
0.642
0.647
0.649
0.65
0.654
0.661
0.662
0.664
0.668
0.674
0.68
0.68
0.685
0.687
0.687
0.688
0.696
0.696
0.7
0.702
0.707
0.71
0.721
0.721
0.728
0.738
0.742
0.744
0.744
0.742
0.737
0.733
0.733
0.73
0.73
0.73
0.73
0.73
0.723
0.723
0.713
0.713
0.713
0.713
0.713
0.713
0.71
0.704
0.704
0.701
0.7
0.699
0.697
0.697
0.695
0.695
0.689
0.689
0.683
0.683
0.684
0.691
0.686
0.686
0.686
0.677
0.677
0.677
0.677
0.675
0.67
0.666
0.663
0.663
0.663
0.661
0.663
0.663
0.663
0.662
0.662
0.662
0.662
0.66
0.657
0.657
0.657
0.657
0.657
0.651
0.65
0.65
0.648
0.645
0.645
0.643
0.645
0.643
0.64
0.638
0.638
0.638
0.638
0.639
0.639
0.639
0.637
0.635
0.635
0.634
0.634
0.633
0.63
0.629
0.629
0.629
0.625
0.625
0.621
0.621
0.619
0.619
0.619
0.622
0.619
0.622
0.622
0.617
0.617
0.62
0.619
0.62
0.62
0.619
0.618
0.617
0.617
0.615
0.615
0.617
0.619
0.619
0.619
0.62
0.619
0.618
0.618
0.614
0.614
0.618
0.62
0.621
0.624
0.621
0.621
0.621
0.618
0.618
0.62
0.621
0.62
0.62
0.618
0.618
0.618
0.618
0.615
0.618
0.618
0.619
0.619
0.619
0.621
0.621
0.616
0.616
0.615
0.615
0.616
0.616
0.616
0.616
0.616
0.616
0.613
0.613
0.613
0.617
0.618
0.618
0.619
0.619
0.618
0.618
0.618
0.618
0.618
0.621
0.621
0.622
0.621
0.621
0.624
0.624
0.619
0.619
0.618
0.618
0.619
0.622
0.627
0.627
0.627
0.626
0.626
0.626
0.629
0.63
0.63
0.63
0.629
0.628
0.628
0.628
0.629
0.629
0.629
0.631
0.639
0.639
0.639
0.634
0.633
0.633
0.633
0.636
0.638
0.638
0.638
0.638
0.642
0.648
0.648
0.648
0.648
0.647
0.645
0.645
0.645
0.655
0.655
0.655
0.651
0.651
0.651
0.653
0.66
0.661
0.661
0.665
0.667
0.67
0.67
0.672
0.672
0.674
0.674
0.673
0.673
0.676
0.676
0.683
0.684
0.684
0.684
0.684
0.684
0.684
0.685
0.685
0.694
0.695
0.698
0.698
0.698
0.701
0.703
0.703
0.705
0.708
0.708
0.708
0.71
0.71
0.711
0.71
0.713
0.715
0.716
0.723
0.729
0.732
0.734
0.734
0.739
0.74
0.739
0.739
0.74
0.743
0.745
0.748
0.751
0.751
0.756
0.757
0.76
0.76
0.76
0.765
0.767
0.775
0.778
0.781
0.784
0.787
0.787
0.788
0.788
0.791
0.795
0.801
0.801
0.803
0.811
0.821
0.821
0.824
0.827
0.827
0.832
0.835
0.838
0.838
0.839
0.841
0.845
0.849
0.856
0.857
0.862
0.87
0.873
0.874
0.885
0.885
0.886
0.889
0.889
0.9
0.906
0.911
0.913
0.916
0.917
0.918
0.924
0.929
0.937
0.939
0.946
0.948
0.949
0.951
0.957
0.965
0.974
0.977
0.979
0.979
0.984
0.998
1.001
1.005
1.009
1.013
1.026
1.039
1.044
1.049
1.059
1.063
1.067
1.074
1.081
1.086
1.101
1.11
1.112
1.126
1.128
1.132
1.141
1.149
1.16
1.167
1.172
1.183
1.194
1.202
1.214
1.222
1.229
1.23
1.24
1.26
1.267
1.278
1.291
1.294
1.305
1.325
1.327
1.344
1.356
1.375
1.38
1.396
1.416
1.431
1.446
1.455
1.47
1.49
1.496
1.521
1.534
1.554
1.568
1.576
1.584
1.621
1.621
1.638
1.673
1.686
1.703
1.731
1.756
1.785
1.792
1.822
1.847
1.875
1.893
1.913
1.937
1.975
1.999
2.032
2.032
2.032
0.657
0.625
0.615
0.53
0.528
0.521
0.521
0.516
0.516
0.516
0.514
0.513
0.512
0.511
0.511
0.507
0.507
0.505
0.505
0.505
0.505
0.506
0.506
0.505
0.505
0.505
0.505
0.507
0.507
0.505
0.503
0.503
0.501
0.501
0.501
0.499
0.499
0.502
0.497
0.494
0.496
0.494
0.494
0.496
0.497
0.497
0.497
0.497
0.503
0.497
0.497
0.499
0.499
0.499
0.499
0.499
0.497
0.493
0.491
0.491
0.497
0.491
0.492
0.492
0.488
0.488
0.492
0.495
0.498
0.498
0.498
0.498
0.495
0.495
0.496
0.496
0.492
0.496
0.492
0.492
0.499
0.499
0.499
0.499
0.498
0.498
0.506
0.498
0.505
0.505
0.498
0.495
0.495
0.495
0.495
0.495
0.497
0.498
0.498
0.498
0.498
0.498
0.498
0.498
0.498
0.499
0.498
0.498
0.5
0.5
0.508
0.508
0.509
0.508
0.505
0.503
0.503
0.503
0.503
0.51
0.51
0.51
0.509
0.509
0.508
0.509
0.51
0.511
0.511
0.512
0.516
0.518
0.518
0.518
0.518
0.515
0.515
0.515
0.517
0.523
0.528
0.528
0.527
0.527
0.527
0.527
0.527
0.527
0.533
0.533
0.533
0.533
0.534
0.534
0.534
0.538
0.538
0.539
0.539
0.535
0.534
0.535
0.535
0.546
0.546
0.546
0.546
0.546
0.548
0.552
0.552
0.553
0.557
0.56
0.563
0.563
0.567
0.567
0.569
0.57
0.57
0.57
0.572
0.572
0.573
0.574
0.574
0.574
0.574
0.575
0.578
0.578
0.579
0.581
0.581
0.581
0.582
0.582
0.586
0.587
0.589
0.591
0.591
0.592
0.594
0.604
0.607
0.607
0.606
0.604
0.606
0.606
0.623
0.625
0.625
0.623
0.623
0.626
0.629
0.632
0.633
0.635
0.639
0.644
0.646
0.648
0.648
0.649
0.656
0.656
0.664
0.664
0.664
0.665
0.667
0.667
0.675
0.675
0.675
0.678
0.682
0.682
0.685
0.693
0.695
0.697
0.701
0.701
0.706
0.703
0.706
0.708
0.71
0.711
0.716
0.725
0.725
0.732
0.737
0.742
0.749
0.749
0.751
0.75
0.762
0.762
0.765
0.765
0.766
0.766
0.765
0.763
0.758
0.749
0.749
0.749
0.751
0.751
0.751
0.746
0.744
0.744
0.744
0.742
0.735
0.727
0.726
0.726
0.722
0.719
0.716
0.715
0.714
0.714
0.711
0.707
0.703
0.703
0.702
0.702
0.702
0.702
0.702
0.7
0.697
0.696
0.692
0.688
0.688
0.69
0.687
0.687
0.687
0.68
0.679
0.679
0.679
0.678
0.675
0.675
0.674
0.674
0.671
0.671
0.668
0.668
0.668
0.668
0.668
0.665
0.663
0.662
0.661
0.661
0.654
0.653
0.653
0.646
0.643
0.641
0.641
0.636
0.635
0.635
0.635
0.638
0.638
0.639
0.639
0.634
0.634
0.634
0.629
0.629
0.629
0.629
0.63
0.63
0.63
0.63
0.63
0.629
0.624
0.623
0.623
0.623
0.623
0.623
0.623
0.624
0.625
0.624
0.624
0.622
0.62
0.62
0.618
0.618
0.611
0.611
0.614
0.614
0.614
0.618
0.617
0.617
0.617
0.616
0.61
0.61
0.61
0.61
0.61
0.608
0.608
0.608
0.609
0.609
0.612
0.611
0.611
0.611
0.611
0.611
0.605
0.605
0.605
0.605
0.607
0.611
0.611
0.654
0.772
0.774
0.798
0.806
0.838
0.891
0.954
1.548
1.795
1.816
1.82
1.826
1.827
1.828
1.828
1.827
1.829
1.828
1.826
1.826
1.826
1.821
1.821
1.821
1.822
1.826
1.829
1.829
1.829
1.832
1.832
1.832
1.832
1.832
1.832
1.832
1.833
1.838
1.838
1.837
1.839
1.837
1.837
1.839
1.84
1.842
1.842
1.842
1.844
1.844
1.842
1.844
1.846
1.849
1.854
1.854
1.857
1.857
1.858
1.861
1.861
1.862
1.862
1.861
1.861
1.861
1.859
1.847
1.817
1.781
1.742
1.717
1.671
1.665
1.636
1.606
1.571
1.553
1.531
1.515
1.486
1.463
1.448
1.424
1.399
1.384
1.367
1.344
1.32
1.307
1.294
1.27
1.267
1.251
1.233
1.222
1.214
1.198
1.185
1.166
1.153
1.147
1.135
1.125
1.107
1.091
1.084
1.073
1.061
1.058
1.05
1.035
1.033
1.013
1
0.992
0.983
0.982
0.97
0.969
0.947
0.939
0.938
0.928
0.927
0.917
0.912
0.901
0.888
0.869
0.869
0.866
0.861
0.858
0.851
0.846
0.838
0.832
0.827
0.817
0.816
0.812
0.805
0.794
0.791
0.785
0.784
0.779
0.771
0.769
0.762
0.754
0.751
0.748
0.742
0.737
0.733
0.732
0.73
0.728
0.721
0.72
0.705
0.705
0.694
0.694
0.692
0.685
0.685
0.68
0.676
0.673
0.662
0.662
0.658
0.656
0.656
0.654
0.653
0.65
0.642
0.642
0.641
0.637
0.636
0.636
0.626
0.623
0.613
0.613
0.611
0.611
0.611
