0.39
0.39
0.394
0.397
0.4
0.4
0.405
0.405
0.408
0.411
0.41
0.41
0.41
0.412
0.418
0.418
0.418
0.419
0.419
0.428
0.43
0.43
0.431
0.431
0.437
0.443
0.445
0.445
0.446
0.453
0.458
0.461
0.458
0.461
0.461
0.463
0.467
0.467
0.476
0.476
0.478
0.489
0.491
0.494
0.495
0.496
0.502
0.51
0.516
0.516
0.519
0.52
0.521
0.529
0.532
0.533
0.542
0.546
0.551
0.551
0.555
0.555
0.555
0.559
0.561
0.57
0.575
0.582
0.588
0.59
0.595
0.596
0.6
0.601
0.616
0.619
0.62
0.624
0.627
0.634
0.634
0.634
0.651
0.656
0.662
0.674
0.684
0.689
0.699
0.7
0.705
0.716
0.725
0.725
0.737
0.741
0.757
0.768
0.776
0.778
0.778
0.786
0.786
0.786
0.786
0.783
0.781
0.78
0.779
0.779
0.779
0.775
0.775
0.772
0.768
0.767
0.768
0.768
0.767
0.759
0.756
0.755
0.755
0.755
0.755
0.758
0.759
0.76
0.759
0.759
0.759
0.759
0.759
0.759
0.755
0.754
0.754
0.752
0.747
0.747
0.747
0.749
0.749
0.749
0.746
0.746
0.744
0.744
0.743
0.744
0.744
0.744
0.744
0.745
0.745
0.744
0.744
0.744
0.744
0.744
0.747
0.747
0.747
0.743
0.743
0.739
0.737
0.737
0.737
0.737
0.742
0.742
0.743
0.743
0.743
0.741
0.744
0.744
0.744
0.747
0.747
0.744
0.74
0.743
0.74
0.743
0.743
0.743
0.746
0.746
0.742
0.74
0.738
0.738
0.738
0.738
0.74
0.74
0.74
0.742
0.742
0.742
0.742
0.744
0.739
0.739
0.738
0.738
0.737
0.737
0.744
0.744
0.744
0.744
0.744
0.744
0.744
0.744
0.744
0.746
0.748
0.748
0.748
0.749
0.749
0.748
0.752
0.752
0.752
0.75
0.752
0.75
0.75
0.749
0.748
0.748
0.749
0.75
0.752
0.754
0.754
0.754
0.754
0.754
0.759
0.757
0.762
0.763
0.762
0.757
0.761
0.761
0.761
0.77
0.771
0.775
0.775
0.776
0.776
0.777
0.779
0.782
0.782
0.782
0.782
0.782
0.782
0.784
0.788
0.788
0.787
0.789
0.789
0.791
0.795
0.798
0.8
0.802
0.803
0.804
0.804
0.807
0.809
0.809
0.812
0.812
0.813
0.813
0.813
0.813
0.815
0.815
0.815
0.816
0.822
0.825
0.825
0.833
0.834
0.841
0.842
0.842
0.842
0.842
0.842
0.845
0.845
0.851
0.851
0.851
0.856
0.858
0.858
0.861
0.862
0.864
0.87
0.87
0.87
0.87
0.875
0.875
0.879
0.879
0.879
0.888
0.893
0.894
0.895
0.901
0.902
0.908
0.913
0.915
0.915
0.923
0.926
0.927
0.927
0.93
0.931
0.939
0.94
0.945
0.945
0.948
0.951
0.957
0.957
0.962
0.968
0.968
0.975
0.976
0.981
0.986
0.991
0.992
0.997
0.999
1.005
1.005
1.016
1.017
1.021
1.024
1.024
1.034
1.042
1.047
1.049
1.053
1.055
1.056
1.065
1.069
1.073
1.082
1.09
1.094
1.096
1.105
1.112
1.113
1.113
1.124
1.125
1.132
1.135
1.141
1.143
1.157
1.162
1.169
1.188
1.188
1.19
1.203
1.204
1.215
1.223
1.227
1.229
1.241
1.256
1.257
1.259
1.266
1.278
1.29
1.297
1.308
1.314
1.319
1.327
1.347
1.349
1.36
1.37
1.38
1.388
1.391
1.396
1.422
1.44
1.44
1.442
1.473
1.485
1.5
1.501
1.516
1.519
1.53
1.551
1.565
1.583
1.586
1.601
1.624
1.627
1.647
1.67
1.689
1.704
1.709
1.731
1.751
1.766
1.769
1.793
1.807
1.807
1.807
1.16
0.727
0.699
0.695
0.693
0.693
0.693
0.692
0.692
0.685
0.68
0.673
0.673
0.673
0.673
0.68
0.68
0.674
0.674
0.675
0.674
0.674
0.674
0.668
0.667
0.667
0.666
0.665
0.665
0.661
0.661
0.661
0.661
0.661
0.66
0.658
0.658
0.659
0.66
0.659
0.659
0.658
0.65
0.649
0.648
0.648
0.648
0.648
0.648
0.649
0.644
0.644
0.644
0.649
0.644
0.644
0.647
0.644
0.644
0.647
0.647
0.648
0.648
0.648
0.648
0.64
0.633
0.633
0.633
0.636
0.638
0.638
0.638
0.638
0.638
0.634
0.634
0.634
0.634
0.634
0.634
0.633
0.633
0.632
0.632
0.63
0.626
0.626
0.626
0.633
0.633
0.633
0.633
0.625
0.623
0.623
0.625
0.633
0.633
0.633
0.633
0.636
0.636
0.636
0.636
0.638
0.638
0.636
0.638
0.638
0.636
0.636
0.639
0.639
0.639
0.639
0.641
0.645
0.645
0.645
0.645
0.645
0.642
0.642
0.642
0.648
0.643
0.647
0.644
0.647
0.644
0.647
0.645
0.645
0.645
0.645
0.645
0.645
0.645
0.649
0.653
0.653
0.657
0.66
0.66
0.655
0.66
0.658
0.658
0.665
0.665
0.664
0.665
0.666
0.664
0.667
0.669
0.667
0.664
0.667
0.667
0.665
0.667
0.671
0.675
0.682
0.682
0.682
0.673
0.673
0.673
0.673
0.676
0.686
0.688
0.688
0.69
0.691
0.696
0.699
0.698
0.699
0.703
0.7
0.705
0.705
0.705
0.7
0.699
0.699
0.705
0.709
0.712
0.713
0.712
0.713
0.722
0.721
0.721
0.722
0.726
0.726
0.726
0.726
0.731
0.731
0.731
0.731
0.735
0.74
0.748
0.744
0.744
0.742
0.744
0.744
0.743
0.746
0.746
0.746
0.749
0.755
0.759
0.76
0.774
0.774
0.775
0.775
0.776
0.775
0.783
0.784
0.784
0.792
0.792
0.784
0.778
0.774
0.768
0.768
0.764
0.758
0.754
0.75
0.75
0.745
0.744
0.744
0.739
0.736
0.735
0.726
0.725
0.725
0.723
0.713
0.709
0.706
0.702
0.701
0.69
0.69
0.689
0.689
0.689
0.68
0.676
0.673
0.673
0.67
0.67
0.668
0.668
0.662
0.662
0.662
0.658
0.65
0.65
0.646
0.644
0.643
0.632
0.632
0.628
0.628
0.628
0.628
0.628
0.625
0.617
0.613
0.605
0.601
0.601
0.601
0.601
0.598
0.598
0.598
0.595
0.595
0.597
0.595
0.595
0.594
0.591
0.587
0.586
0.584
0.583
0.581
0.581
0.578
0.578
0.578
0.576
0.575
0.575
0.568
0.567
0.564
0.564
0.564
0.558
0.558
0.555
0.555
0.555
0.555
0.554
0.55
0.55
0.543
0.543
0.543
0.545
0.543
0.545
0.542
0.545
0.542
0.542
0.54
0.538
0.537
0.537
0.537
0.537
0.537
0.533
0.522
0.522
0.522
0.526
0.527
0.527
0.526
0.524
0.523
0.522
0.518
0.517
0.517
0.517
0.52
0.527
0.547
0.677
0.715
0.731
0.74
0.763
0.793
0.898
1.009
1.017
1.018
1.02
1.02
1.02
1.02
1.02
1.018
1.016
1.013
1.013
1.008
1.008
1.004
1.004
1.004
1.004
1.003
0.999
0.999
0.996
0.995
0.995
0.994
0.994
0.992
0.992
0.992
0.992
0.99
0.992
0.993
1.032
1.541
1.679
1.706
1.712
1.721
1.723
1.723
1.721
1.717
1.714
1.714
1.714
1.717
1.724
1.724
1.717
1.717
1.713
1.711
1.711
1.711
1.709
1.708
1.706
1.703
1.703
1.703
1.703
1.704
1.705
1.709
1.707
1.707
1.71
1.707
1.706
1.706
1.706
1.706
1.706
1.708
1.706
1.704
1.706
1.706
1.704
1.704
1.704
1.703
1.702
1.701
1.701
1.701
1.702
1.703
1.703
1.708
1.708
1.706
1.708
1.715
1.715
1.715
1.715
1.713
1.71
1.709
1.708
1.709
1.709
1.714
1.716
1.72
1.72
1.72
1.723
1.723
1.718
1.718
1.718
1.673
1.627
1.572
1.543
1.516
1.482
1.437
1.414
1.377
1.35
1.32
1.298
1.273
1.25
1.226
1.208
1.19
1.164
1.125
1.122
1.102
1.086
1.068
1.046
1.032
1.012
1.011
1.002
0.982
0.961
0.94
0.93
0.919
0.903
0.893
0.892
0.878
0.861
0.857
0.841
0.829
0.818
0.817
0.801
0.8
0.786
0.78
0.773
0.758
0.758
0.757
0.736
0.73
0.72
0.715
0.705
0.703
0.702
0.686
0.682
0.675
0.672
0.669
0.653
0.647
0.647
0.645
0.643
0.63
0.627
0.616
0.607
0.604
0.591
0.59
0.59
0.588
0.586
0.581
0.573
0.565
0.565
0.563
0.559
0.555
0.555
0.551
0.546
0.54
0.535
0.531
0.531
0.527
0.526
0.524
0.514
0.509
0.509
0.505
0.503
0.499
0.493
0.491
0.49
0.485
0.483
0.485
0.485
0.476
0.47
0.47
0.466
0.465
0.461
0.453
0.449
0.449
0.449
0.449
0.449
0.449
0.443
0.443
0.438
0.438
0.432
0.431
0.43
0.429
0.426
0.419
0.418
0.418
0.418
0.417
0.415
0.409
