0.654
0.654
0.654
0.656
0.656
0.654
0.654
0.668
0.668
0.672
0.672
0.678
0.678
0.68
0.683
0.683
0.685
0.69
0.693
0.694
0.706
0.708
0.708
0.708
0.712
0.721
0.727
0.731
0.735
0.737
0.737
0.739
0.737
0.735
0.734
0.73
0.722
0.722
0.721
0.719
0.708
0.708
0.708
0.707
0.707
0.707
0.702
0.702
0.699
0.699
0.697
0.697
0.697
0.697
0.692
0.692
0.687
0.687
0.687
0.685
0.683
0.68
0.674
0.672
0.671
0.669
0.669
0.669
0.671
0.671
0.671
0.662
0.658
0.658
0.656
0.656
0.653
0.653
0.645
0.649
0.649
0.649
0.647
0.647
0.646
0.635
0.634
0.633
0.631
0.633
0.633
0.631
0.631
0.63
0.63
0.627
0.627
0.627
0.625
0.623
0.621
0.621
0.62
0.617
0.617
0.616
0.612
0.61
0.61
0.61
0.61
0.61
0.61
0.605
0.605
0.605
0.605
0.606
0.606
0.601
0.601
0.608
0.602
0.608
0.608
0.604
0.603
0.603
0.603
0.602
0.602
0.602
0.602
0.595
0.594
0.594
0.591
0.589
0.586
0.583
0.583
0.583
0.59
0.594
0.594
0.593
0.593
0.591
0.59
0.59
0.589
0.589
0.589
0.589
0.589
0.591
0.591
0.591
0.592
0.591
0.59
0.59
0.587
0.587
0.587
0.591
0.587
0.591
0.591
0.589
0.581
0.582
0.582
0.582
0.588
0.588
0.589
0.589
0.586
0.583
0.583
0.58
0.58
0.578
0.578
0.58
0.58
0.579
0.579
0.579
0.578
0.578
0.578
0.578
0.578
0.58
0.588
0.586
0.588
0.588
0.586
0.586
0.585
0.585
0.584
0.584
0.584
0.584
0.584
0.583
0.583
0.583
0.58
0.58
0.58
0.586
0.588
0.588
0.59
0.59
0.59
0.59
0.59
0.59
0.59
0.585
0.585
0.585
0.589
0.592
0.592
0.59
0.59
0.588
0.588
0.59
0.6
0.6
0.6
0.597
0.596
0.596
0.597
0.597
0.598
0.599
0.598
0.6
0.6
0.607
0.607
0.609
0.609
0.608
0.608
0.608
0.608
0.608
0.61
0.61
0.612
0.616
0.618
0.618
0.618
0.615
0.614
0.614
0.614
0.616
0.621
0.621
0.621
0.621
0.622
0.622
0.625
0.627
0.629
0.629
0.629
0.631
0.636
0.637
0.638
0.638
0.638
0.634
0.634
0.634
0.638
0.64
0.642
0.646
0.646
0.646
0.646
0.646
0.653
0.653
0.653
0.654
0.656
0.665
0.671
0.671
0.671
0.671
0.671
0.669
0.675
0.678
0.675
0.675
0.675
0.675
0.675
0.68
0.681
0.686
0.689
0.695
0.695
0.695
0.699
0.699
0.701
0.701
0.701
0.701
0.701
0.701
0.701
0.704
0.704
0.707
0.704
0.707
0.703
0.703
0.7
0.688
0.687
0.68
0.677
0.673
0.673
0.662
0.661
0.66
0.66
0.659
0.654
0.648
0.644
0.641
0.637
0.635
0.635
0.628
0.624
0.622
0.62
0.62
0.618
0.615
0.613
0.606
0.606
0.604
0.601
0.601
0.593
0.593
0.593
0.591
0.591
0.591
0.583
0.581
0.581
0.58
0.579
0.575
0.569
0.568
0.567
0.564
0.563
0.563
0.557
0.557
0.549
0.549
0.552
0.552
0.546
0.544
0.543
0.542
0.54
0.54
0.535
0.53
0.535
0.53
0.527
0.527
0.523
0.523
0.521
0.521
0.521
0.521
0.516
0.512
0.512
0.512
0.509
0.508
0.505
0.505
0.503
0.499
0.497
0.497
0.497
0.499
0.499
0.499
0.493
0.493
0.493
0.493
0.492
0.492
0.492
0.486
0.486
0.486
0.483
0.483
0.483
0.482
0.481
0.475
0.475
0.48
0.48
0.474
0.472
0.472
0.472
0.472
0.463
0.469
0.464
0.462
0.462
0.462
0.459
0.459
0.459
0.458
0.458
0.458
0.456
0.458
0.453
0.454
0.454
0.456
0.454
0.455
0.456
0.455
0.454
0.453
0.452
0.449
0.449
0.447
0.447
0.448
0.443
0.446
0.448
0.446
0.436
0.443
0.438
0.438
0.442
0.442
0.442
0.442
0.442
0.435
0.435
0.436
0.436
0.435
0.428
0.428
0.428
0.428
0.43
0.432
0.432
0.432
0.428
0.428
0.428
0.428
0.428
0.43
0.43
0.427
0.433
0.433
0.424
0.423
0.424
0.424
0.425
0.43
0.43
0.425
0.427
0.427
0.427
0.427
0.429
0.437
0.437
0.44
0.44
0.436
0.431
0.431
0.431
0.431
0.431
0.429
0.429
0.428
0.428
0.428
0.43
0.431
0.431
0.431
0.427
0.427
0.423
0.426
0.427
0.434
0.431
0.431
0.431
0.431
0.428
0.428
0.428
0.43
0.43
0.43
0.427
0.427
0.427
0.427
0.426
0.428
0.428
0.428
0.428
0.429
0.434
0.434
0.429
0.429
0.429
0.429
0.432
0.432
0.432
0.429
0.429
0.429
0.43
0.432
0.432
0.438
0.438
0.438
0.439
0.443
0.443
0.445
0.445
0.445
0.446
0.448
0.446
0.448
0.448
0.448
0.449
0.449
0.448
0.449
0.449
0.458
0.458
0.458
0.456
0.456
0.455
0.449
0.449
0.449
0.457
0.457
0.457
0.456
0.456
0.456
0.46
0.464
0.464
0.462
0.462
0.459
0.443
0.438
0.427
0.426
0.426
0.424
0.418
0.412
0.41
0.406
0.398
0.386
0.386
0.386
0.386
0.385
0.377
0.367
0.365
0.364
0.36
0.358
0.356
0.347
0.346
0.342
0.341
0.34
0.34
0.338
0.331
0.331
0.33
0.326
0.321
0.321
0.321
0.322
0.322
0.322
0.314
0.309
0.309
0.307
0.307
0.301
0.301
0.298
0.298
0.289
0.289
0.284
0.282
0.279
0.279
0.276
0.275
0.274
0.274
0.269
0.261
0.261
0.261
0.261
0.261
0.26
0.256
0.251
0.251
0.251
0.253
0.253
0.253
0.252
0.251
0.246
0.246
0.246
0.246
0.246
0.242
0.242
0.242
0.242
0.242
0.244
0.244
0.244
0.244
0.242
0.242
0.242
0.238
0.238
0.232
0.227
0.227
0.22
0.22
0.22
0.227
0.221
0.221
0.219
0.219
0.219
0.219
0.215
0.219
0.215
0.215
0.215
0.219
0.217
0.217
0.215
0.214
0.21
0.21
0.209
0.209
0.21
0.21
0.207
0.207
0.207
0.206
0.206
0.206
0.208
0.207
0.207
0.207
0.207
0.206
0.205
0.206
0.204
0.204
0.202
0.204
0.198
0.196
0.195
0.195
0.195
0.195
0.196
0.196
0.196
0.196
0.195
0.189
0.189
0.187
0.186
0.186
0.186
0.186
0.185
0.188
0.185
0.187
0.187
0.187
0.187
0.187
0.187
0.189
0.185
0.184
0.183
0.183
0.183
0.183
0.183
0.181
0.181
0.185
0.184
0.181
0.181
0.177
0.177
0.177
0.177
0.183
0.183
0.18
0.18
0.179
0.179
0.179
0.181
0.181
0.181
0.182
0.181
0.181
0.183
0.183
0.182
0.182
0.18
0.172
0.179
0.175
0.175
0.176
0.176
0.176
0.176
0.173
0.173
0.176
0.176
0.176
0.176
0.176
0.176
0.175
0.171
0.171
0.171
0.169
0.169
0.169
0.17
0.172
0.172
0.174
0.174
0.174
0.169
0.175
0.167
0.166
0.166
0.159
0.159
0.166
0.167
0.167
0.167
0.167
0.166
0.166
0.166
0.165
0.165
0.163
0.163
0.163
0.164
0.165
0.169
0.169
0.169
0.169
0.169
0.169
0.169
0.169
0.168
0.167
0.167
0.166
0.164
0.161
0.164
0.164
0.16
0.162
0.165
0.165
0.168
0.168
0.169
0.169
0.169
0.165
0.166
0.166
0.163
0.164
0.165
0.165
0.165
0.166
0.166
0.166
0.167
0.167
0.164
0.167
0.168
0.168
0.166
0.168
0.169
0.169
0.171
0.171
0.169
0.167
0.167
0.163
0.167
0.169
0.169
0.169
0.171
0.174
0.175
0.175
0.176
0.175
0.171
0.171
0.171
0.171
0.171
0.171
0.176
0.176
0.176
0.176
0.178
0.179
0.183
0.179
0.183
0.183
0.182
0.179
0.18
0.18
0.179
0.179
0.176
0.176
0.173
0.176
0.173
0.172
0.172
0.176
0.175
0.178
0.18
0.178
0.177
0.177
0.175
0.175
0.177
0.175
0.185
0.185
0.183
0.179
0.183
0.182
0.182
0.182
0.189
0.182
0.182
0.182
0.182
0.182
0.183
0.184
0.185
0.186
0.186
0.192
0.186
0.194
0.189
0.189
0.186
0.186
0.186
0.186
0.188
0.197
0.197
0.197
0.194
0.193
0.192
0.193
0.194
0.195
0.195
0.195
0.195
0.195
0.195
0.201
0.2
0.201
0.201
0.203
0.203
0.203
0.203
0.203
0.204
0.202
0.204
0.205
0.204
0.205
0.207
0.207
0.208
0.208
0.208
0.208
0.21
0.211
0.209
0.211
0.211
0.209
0.207
0.207
0.207
0.218
0.218
0.218
0.214
0.204
0.204
0.214
0.214
0.216
0.217
0.22
0.222
0.228
0.228
0.228
0.228
