0.814
0.816
0.817
0.817
0.823
0.824
0.828
0.83
0.847
0.854
0.854
0.855
0.856
0.857
0.866
0.869
0.871
0.88
0.886
0.891
0.892
0.9
0.902
0.905
0.905
0.905
0.893
0.891
0.891
0.89
0.893
0.89
0.887
0.881
0.879
0.872
0.87
0.866
0.861
0.861
0.86
0.859
0.856
0.856
0.856
0.856
0.843
0.843
0.84
0.835
0.833
0.832
0.832
0.828
0.826
0.819
0.818
0.817
0.812
0.812
0.811
0.806
0.81
0.806
0.801
0.806
0.801
0.8
0.8
0.799
0.797
0.795
0.797
0.795
0.795
0.784
0.783
0.781
0.781
0.779
0.778
0.776
0.778
0.776
0.775
0.771
0.769
0.769
0.769
0.767
0.766
0.762
0.762
0.761
0.761
0.761
0.761
0.761
0.755
0.755
0.757
0.753
0.754
0.754
0.749
0.749
0.746
0.746
0.743
0.743
0.743
0.743
0.74
0.739
0.738
0.738
0.739
0.739
0.738
0.736
0.736
0.736
0.736
0.736
0.736
0.735
0.722
0.722
0.722
0.724
0.724
0.724
0.723
0.723
0.721
0.721
0.72
0.72
0.719
0.719
0.719
0.718
0.721
0.721
0.72
0.716
0.716
0.714
0.716
0.716
0.716
0.715
0.715
0.711
0.71
0.705
0.705
0.71
0.711
0.711
0.713
0.713
0.712
0.716
0.718
0.716
0.712
0.712
0.712
0.709
0.709
0.712
0.712
0.706
0.712
0.712
0.712
0.708
0.708
0.708
0.708
0.705
0.705
0.705
0.705
0.706
0.706
0.708
0.708
0.708
0.705
0.705
0.705
0.714
0.714
0.714
0.713
0.712
0.711
0.711
0.711
0.711
0.712
0.712
0.712
0.714
0.712
0.711
0.711
0.711
0.71
0.707
0.71
0.707
0.707
0.707
0.709
0.709
0.713
0.714
0.714
0.714
0.714
0.714
0.713
0.714
0.714
0.714
0.714
0.714
0.719
0.719
0.717
0.714
0.717
0.717
0.717
0.722
0.722
0.724
0.724
0.723
0.723
0.726
0.727
0.727
0.733
0.733
0.732
0.732
0.732
0.732
0.732
0.739
0.739
0.745
0.739
0.741
0.741
0.741
0.741
0.746
0.748
0.749
0.749
0.751
0.753
0.753
0.758
0.751
0.758
0.759
0.759
0.761
0.762
0.766
0.765
0.766
0.766
0.768
0.768
0.781
0.781
0.783
0.783
0.78
0.78
0.78
0.777
0.776
0.776
0.776
0.779
0.786
0.794
0.803
0.803
0.803
0.801
0.801
0.801
0.801
0.801
0.803
0.803
0.804
0.804
0.818
0.821
0.822
0.823
0.823
0.824
0.827
0.828
0.828
0.83
0.831
0.831
0.831
0.839
0.839
0.839
0.846
0.846
0.851
0.853
0.857
0.859
0.866
0.869
0.869
0.869
0.873
0.873
0.877
0.883
0.883
0.887
0.892
0.894
0.896
0.896
0.912
0.912
0.915
0.916
0.919
0.922
0.922
0.923
0.925
0.931
0.935
0.939
0.941
0.942
0.947
0.955
0.964
0.966
0.97
0.972
0.972
0.979
0.989
0.991
0.995
0.995
1
1
1.006
1.007
1.017
1.032
1.032
1.037
1.038
1.04
1.041
1.056
1.059
1.069
1.077
1.078
1.088
1.088
1.089
1.104
1.105
1.109
1.116
1.121
1.123
1.124
1.139
1.143
1.144
1.158
1.158
1.158
1.153
1.138
1.103
0.585
0.446
0.428
0.413
0.412
0.407
0.406
0.404
0.397
0.392
0.392
0.392
0.394
0.392
0.393
0.392
0.392
0.391
0.385
0.381
0.38
0.378
0.38
0.38
0.376
0.378
0.378
0.378
0.376
0.378
0.374
0.374
0.371
0.37
0.368
0.368
0.368
0.367
0.364
0.364
0.364
0.361
0.356
0.356
0.356
0.356
0.356
0.354
0.354
0.354
0.358
0.358
0.359
0.359
0.359
0.361
0.361
0.355
0.355
0.349
0.349
0.352
0.352
0.348
0.349
0.349
0.349
0.349
0.349
0.349
0.346
0.346
0.343
0.349
0.344
0.349
0.345
0.345
0.344
0.343
0.341
0.34
0.336
0.336
0.335
0.336
0.338
0.341
0.341
0.341
0.339
0.339
0.336
0.336
0.336
0.337
0.343
0.343
0.343
0.338
0.338
0.337
0.337
0.338
0.337
0.337
0.336
0.336
0.333
0.333
0.332
0.332
0.332
0.327
0.327
0.327
0.328
0.328
0.33
0.334
0.334
0.334
0.335
0.334
0.335
0.337
0.337
0.338
0.338
0.337
0.338
0.338
0.338
0.338
0.341
0.342
0.342
0.342
0.342
0.343
0.343
0.343
0.343
0.343
0.343
0.337
0.337
0.337
0.337
0.337
0.334
0.334
0.332
0.332
0.334
0.334
0.335
0.335
0.334
0.332
0.332
0.329
0.332
0.332
0.332
0.331
0.331
0.331
0.331
0.331
0.335
0.335
0.335
0.335
0.336
0.334
0.336
0.337
0.337
0.335
0.338
0.338
0.338
0.339
0.339
0.34
0.34
0.339
0.34
0.341
0.341
0.341
0.341
0.337
0.337
0.337
0.337
0.341
0.348
0.346
0.348
0.348
0.348
0.348
0.348
0.346
0.346
0.346
0.345
0.345
0.345
0.345
0.345
0.346
0.348
0.346
0.348
0.349
0.349
0.349
0.35
0.356
0.358
0.356
0.351
0.358
0.357
0.354
0.354
0.354
0.354
0.354
0.354
0.364
0.364
0.364
0.364
0.364
0.364
0.367
0.369
0.369
0.37
0.37
0.369
0.37
0.37
0.372
0.37
0.37
0.37
0.372
0.372
0.377
0.379
0.379
0.382
0.379
0.382
0.384
0.385
0.388
0.388
0.388
0.388
0.388
0.388
0.391
0.391
0.393
0.393
0.394
0.398
0.398
0.399
0.4
0.401
0.408
0.408
0.41
0.411
0.411
0.413
0.413
0.414
0.414
0.414
0.415
0.417
0.423
0.423
0.425
0.425
0.425
0.428
0.428
0.428
0.428
0.433
0.433
0.434
0.434
0.434
0.436
0.444
0.45
0.45
0.445
0.445
0.449
0.449
0.452
0.453
0.457
0.458
0.47
0.47
0.47
0.474
0.474
0.474
0.479
0.479
0.48
0.48
0.481
0.484
0.485
0.488
0.489
0.489
0.493
0.503
0.503
0.5
0.5
0.503
0.511
0.512
0.513
0.518
0.521
0.521
0.526
0.526
0.53
0.534
0.536
0.539
0.54
0.541
0.544
0.551
0.551
0.551
0.551
0.56
0.569
0.574
0.575
0.577
0.584
0.585
0.586
0.596
0.6
0.6
0.6
0.598
0.598
0.597
0.597
0.59
0.59
0.586
0.586
0.586
0.586
0.586
0.586
0.586
0.584
0.584
0.582
0.58
0.577
0.574
0.571
0.571
0.571
0.571
0.571
0.568
0.567
0.567
0.567
0.567
0.567
0.567
0.564
0.562
0.562
0.561
0.558
0.557
0.557
0.557
0.552
0.552
0.552
0.549
0.546
0.546
0.544
0.545
0.545
0.545
0.545
0.545
0.538
0.536
0.536
0.536
0.535
0.535
0.535
0.535
0.535
0.536
0.536
0.536
0.536
0.536
0.536
0.534
0.534
0.529
0.529
0.529
0.528
0.527
0.527
0.525
0.525
0.525
0.524
0.524
0.523
0.522
0.522
0.522
0.522
0.522
0.523
0.526
0.526
0.526
0.521
0.519
0.518
0.518
0.518
0.512
0.51
0.51
0.51
0.51
0.51
0.51
0.51
0.509
0.51
0.51
0.512
0.516
0.516
0.514
0.516
0.514
0.512
0.512
0.512
0.511
0.511
0.511
0.511
0.513
0.513
0.513
0.513
0.513
0.513
0.517
0.517
0.517
0.519
0.512
0.512
0.513
0.517
0.517
0.517
0.513
0.51
0.507
0.507
0.51
0.513
0.514
0.517
0.514
0.514
0.514
0.514
0.514
0.517
0.517
0.517
0.514
0.513
0.513
0.508
0.508
0.511
0.513
0.511
0.513
0.513
0.513
0.515
0.517
0.517
0.517
0.52
0.517
0.521
0.521
0.519
0.519
0.519
0.519
0.519
0.525
0.526
0.528
0.528
0.527
0.526
0.527
0.524
0.527
0.527
0.535
0.548
0.587
0.812
0.839
0.862
0.951
1.741
1.769
1.791
1.794
1.8
1.803
1.803
1.803
1.811
1.812
1.812
1.818
1.821
1.821
1.826
1.821
1.821
1.807
1.776
1.747
1.732
1.712
1.692
1.67
1.64
1.632
1.608
1.589
1.58
1.552
1.538
1.525
1.514
1.492
1.479
1.471
1.46
1.428
1.405
1.402
1.393
1.374
1.374
1.354
1.337
1.329
1.315
1.306
1.29
1.28
1.273
1.257
1.251
1.241
1.229
1.22
1.21
1.2
1.193
1.188
1.178
1.17
1.163
1.152
1.145
1.139
1.126
1.114
1.102
1.101
1.097
1.083
1.078
1.068
1.062
1.061
1.054
1.048
1.035
1.034
1.03
1.026
1.006
1.004
0.995
0.986
0.986
0.984
0.978
0.963
0.96
0.954
0.952
0.952
0.947
0.94
0.932
0.925
0.925
0.925
0.925
0.921
0.914
0.901
0.898
0.897
0.878
0.875
0.869
0.862
0.862
0.86
0.86
0.858
0.854
0.849
0.845
