0.38
0.389
0.392
0.394
0.397
0.404
0.41
0.41
0.411
0.411
0.412
0.412
0.42
0.42
0.421
0.427
0.429
0.431
0.431
0.431
0.429
0.429
0.429
0.429
0.444
0.444
0.446
0.446
0.446
0.45
0.45
0.452
0.452
0.457
0.465
0.465
0.467
0.467
0.467
0.47
0.476
0.477
0.482
0.486
0.486
0.496
0.498
0.5
0.507
0.509
0.514
0.518
0.522
0.528
0.533
0.533
0.535
0.538
0.538
0.54
0.55
0.555
0.556
0.561
0.562
0.568
0.569
0.585
0.585
0.587
0.593
0.597
0.598
0.606
0.608
0.616
0.634
0.637
0.638
0.641
0.644
0.652
0.659
0.659
0.668
0.68
0.68
0.688
0.689
0.705
0.709
0.719
0.723
0.736
0.747
0.749
0.751
0.767
0.771
0.781
0.785
0.785
0.785
0.784
0.782
0.781
0.781
0.781
0.777
0.776
0.776
0.775
0.776
0.775
0.774
0.768
0.768
0.768
0.768
0.768
0.768
0.759
0.759
0.756
0.756
0.763
0.763
0.758
0.763
0.763
0.758
0.754
0.754
0.749
0.749
0.749
0.75
0.751
0.753
0.751
0.751
0.751
0.751
0.744
0.743
0.742
0.743
0.742
0.743
0.74
0.74
0.74
0.741
0.741
0.741
0.745
0.745
0.745
0.745
0.749
0.749
0.744
0.741
0.74
0.74
0.74
0.74
0.74
0.742
0.74
0.742
0.739
0.741
0.739
0.739
0.739
0.739
0.736
0.739
0.74
0.74
0.74
0.74
0.744
0.744
0.743
0.744
0.745
0.745
0.743
0.737
0.737
0.736
0.736
0.742
0.744
0.746
0.746
0.746
0.746
0.746
0.744
0.746
0.744
0.744
0.742
0.739
0.739
0.736
0.739
0.743
0.744
0.745
0.748
0.745
0.744
0.74
0.74
0.74
0.744
0.744
0.744
0.744
0.744
0.743
0.743
0.752
0.752
0.742
0.749
0.749
0.749
0.751
0.751
0.752
0.752
0.752
0.75
0.75
0.75
0.754
0.754
0.754
0.754
0.754
0.754
0.76
0.76
0.767
0.767
0.768
0.768
0.771
0.772
0.773
0.773
0.773
0.771
0.771
0.771
0.771
0.774
0.774
0.774
0.774
0.776
0.784
0.787
0.787
0.787
0.788
0.788
0.788
0.796
0.796
0.799
0.803
0.803
0.802
0.803
0.804
0.806
0.806
0.815
0.815
0.811
0.811
0.809
0.809
0.811
0.819
0.819
0.82
0.82
0.819
0.826
0.827
0.83
0.833
0.834
0.834
0.837
0.844
0.845
0.845
0.845
0.846
0.849
0.849
0.855
0.855
0.855
0.86
0.86
0.862
0.87
0.87
0.873
0.874
0.876
0.88
0.883
0.885
0.885
0.885
0.887
0.891
0.899
0.899
0.904
0.91
0.914
0.915
0.917
0.917
0.917
0.918
0.918
0.923
0.928
0.935
0.936
0.94
0.94
0.942
0.954
0.961
0.961
0.961
0.961
0.962
0.962
0.976
0.976
0.978
0.979
0.981
0.987
0.991
1.004
1.004
1.009
1.02
1.022
1.029
1.03
1.032
1.04
1.043
1.043
1.045
1.046
1.049
1.061
1.066
1.068
1.069
1.072
1.094
1.096
1.103
1.104
1.105
1.113
1.113
1.127
1.127
1.128
1.14
1.142
1.148
1.155
1.161
1.174
1.175
1.188
1.198
1.206
1.208
1.211
1.219
1.219
1.233
1.248
1.249
1.257
1.262
1.262
1.277
1.286
1.299
1.307
1.308
1.313
1.327
1.339
1.348
1.36
1.372
1.372
1.395
1.4
1.415
1.426
1.435
1.443
1.452
1.462
1.481
1.489
1.499
1.518
1.519
1.533
1.554
1.573
1.582
1.596
1.6
1.615
1.641
1.643
1.663
1.676
1.686
1.711
1.726
1.749
1.768
1.78
1.796
1.804
1.804
1.804
1.141
0.732
0.698
0.697
0.696
0.696
0.694
0.685
0.689
0.685
0.685
0.685
0.685
0.683
0.68
0.68
0.677
0.674
0.673
0.673
0.67
0.67
0.668
0.666
0.666
0.668
0.666
0.663
0.663
0.654
0.654
0.654
0.655
0.655
0.655
0.654
0.653
0.648
0.648
0.648
0.648
0.648
0.649
0.648
0.648
0.648
0.649
0.647
0.648
0.651
0.651
0.648
0.651
0.651
0.648
0.644
0.644
0.643
0.643
0.638
0.638
0.638
0.638
0.638
0.644
0.644
0.64
0.64
0.636
0.635
0.635
0.635
0.635
0.638
0.638
0.64
0.644
0.644
0.644
0.642
0.642
0.639
0.639
0.639
0.636
0.636
0.636
0.637
0.636
0.634
0.631
0.63
0.63
0.631
0.631
0.636
0.637
0.636
0.634
0.636
0.641
0.641
0.641
0.644
0.644
0.643
0.64
0.641
0.641
0.64
0.64
0.641
0.645
0.637
0.645
0.649
0.645
0.643
0.643
0.643
0.643
0.646
0.646
0.648
0.646
0.644
0.644
0.649
0.644
0.65
0.65
0.646
0.646
0.65
0.646
0.648
0.648
0.646
0.646
0.648
0.653
0.653
0.654
0.656
0.654
0.654
0.657
0.658
0.657
0.657
0.653
0.653
0.653
0.664
0.664
0.668
0.668
0.668
0.667
0.667
0.667
0.68
0.68
0.68
0.68
0.68
0.683
0.683
0.683
0.685
0.685
0.688
0.688
0.688
0.689
0.689
0.689
0.688
0.689
0.691
0.695
0.695
0.695
0.695
0.695
0.705
0.696
0.705
0.705
0.703
0.703
0.707
0.712
0.712
0.719
0.719
0.721
0.721
0.721
0.72
0.721
0.721
0.723
0.727
0.73
0.731
0.733
0.734
0.734
0.736
0.736
0.741
0.747
0.749
0.749
0.748
0.749
0.749
0.753
0.753
0.753
0.753
0.755
0.755
0.768
0.769
0.77
0.772
0.773
0.777
0.781
0.785
0.786
0.788
0.788
0.788
0.788
0.782
0.771
0.767
0.763
0.76
0.76
0.758
0.757
0.746
0.742
0.739
0.735
0.729
0.725
0.722
0.72
0.714
0.714
0.708
0.703
0.701
0.7
0.7
0.697
0.694
0.692
0.694
0.683
0.681
0.679
0.675
0.675
0.672
0.669
0.667
0.662
0.662
0.66
0.66
0.658
0.656
0.652
0.652
0.645
0.641
0.639
0.639
0.632
0.632
0.632
0.628
0.626
0.624
0.622
0.614
0.612
0.611
0.61
0.602
0.6
0.601
0.6
0.6
0.599
0.589
0.589
0.592
0.589
0.584
0.586
0.586
0.584
0.586
0.586
0.582
0.581
0.581
0.577
0.577
0.574
0.573
0.568
0.565
0.564
0.562
0.561
0.556
0.555
0.555
0.555
0.555
0.556
0.556
0.556
0.548
0.546
0.546
0.546
0.547
0.547
0.547
0.544
0.541
0.541
0.538
0.536
0.533
0.536
0.536
0.536
0.538
0.538
0.534
0.532
0.532
0.527
0.527
0.527
0.527
0.527
0.527
0.527
0.526
0.525
0.524
0.518
0.517
0.517
0.517
0.522
0.553
0.673
0.714
0.721
0.735
0.759
0.784
0.86
0.997
1.012
1.013
1.013
1.012
1.012
1.013
1.012
1.012
1.014
1.014
1.014
1.014
1.014
1.009
1.001
1
1
1
1
1
1
0.994
0.99
0.994
0.99
0.988
0.988
0.988
0.987
0.987
0.993
0.993
1.029
1.513
1.68
1.696
1.705
1.719
1.719
1.719
1.715
1.713
1.713
1.711
1.711
1.711
1.707
1.707
1.709
1.709
1.707
1.709
1.709
1.71
1.712
1.712
1.712
1.712
1.712
1.712
1.704
1.704
1.702
1.702
1.702
1.705
1.702
1.703
1.703
1.703
1.703
1.705
1.706
1.707
1.706
1.707
1.707
1.71
1.707
1.71
1.71
1.706
1.706
1.706
1.704
1.706
1.704
1.704
1.706
1.706
1.701
1.706
1.711
1.703
1.71
1.713
1.71
1.707
1.707
1.707
1.707
1.713
1.717
1.717
1.717
1.717
1.717
1.719
1.723
1.723
1.724
1.724
1.723
1.677
1.629
1.583
1.545
1.509
1.477
1.44
1.403
1.382
1.356
1.326
1.296
1.271
1.244
1.216
1.201
1.186
1.168
1.149
1.12
1.1
1.086
1.065
1.042
1.036
1.028
1.005
0.982
0.973
0.973
0.956
0.933
0.929
0.911
0.899
0.879
0.874
0.861
0.844
0.843
0.827
0.815
0.806
0.798
0.786
0.782
0.781
0.78
0.763
0.756
0.748
0.746
0.735
0.723
0.706
0.705
0.692
0.684
0.68
0.678
0.673
0.67
0.669
0.663
0.655
0.647
0.644
0.636
0.626
0.624
0.612
0.611
0.608
0.6
0.6
0.598
0.59
0.589
0.574
0.573
0.569
0.568
0.56
0.558
0.554
0.55
0.548
0.544
0.543
0.54
0.537
0.528
0.527
0.521
0.521
0.511
0.506
0.5
0.499
0.499
0.496
0.499
0.499
0.493
0.491
0.49
0.487
0.487
0.477
0.474
0.473
0.473
0.472
0.462
0.461
0.461
0.457
0.455
0.455
0.447
0.442
0.442
0.439
0.438
0.438
0.431
0.429
0.429
0.429
0.424
0.42
0.419
0.416
0.416
0.416
0.416
0.416
