0.143
0.144
0.148
0.144
0.148
0.148
0.146
0.146
0.152
0.154
0.155
0.155
0.155
0.155
0.155
0.151
0.153
0.151
0.153
0.152
0.153
0.152
0.155
0.152
0.157
0.152
0.157
0.157
0.161
0.161
0.162
0.162
0.161
0.162
0.163
0.165
0.167
0.168
0.168
0.17
0.17
0.17
0.168
0.168
0.168
0.173
0.174
0.174
0.174
0.174
0.174
0.179
0.179
0.179
0.186
0.186
0.191
0.191
0.191
0.186
0.186
0.186
0.188
0.194
0.194
0.195
0.2
0.201
0.2
0.201
0.203
0.203
0.199
0.199
0.199
0.199
0.203
0.205
0.21
0.21
0.21
0.21
0.21
0.217
0.218
0.222
0.226
0.23
0.243
0.245
0.248
0.248
0.248
0.251
0.251
0.255
0.255
0.255
0.255
0.258
0.267
0.272
0.275
0.279
0.281
0.281
0.286
0.29
0.29
0.295
0.297
0.3
0.3
0.304
0.313
0.314
0.32
0.324
0.331
0.331
0.331
0.331
0.341
0.342
0.344
0.353
0.359
0.363
0.365
0.369
0.378
0.379
0.387
0.387
0.387
0.4
0.403
0.416
0.416
0.423
0.439
0.44
0.451
0.455
0.462
0.476
0.481
0.49
0.499
0.51
0.515
0.531
0.542
0.56
0.565
0.565
0.571
0.572
0.572
0.575
0.575
0.575
0.575
0.572
0.566
0.561
0.561
0.561
0.563
0.563
0.563
0.563
0.563
0.565
0.566
0.569
0.569
0.569
0.567
0.567
0.562
0.562
0.562
0.562
0.567
0.567
0.567
0.564
0.562
0.562
0.564
0.567
0.567
0.567
0.565
0.565
0.565
0.567
0.567
0.568
0.567
0.567
0.566
0.566
0.566
0.567
0.567
0.567
0.567
0.567
0.566
0.563
0.566
0.567
0.565
0.567
0.567
0.569
0.57
0.57
0.57
0.571
0.571
0.575
0.575
0.571
0.572
0.575
0.575
0.575
0.58
0.58
0.582
0.577
0.581
0.578
0.578
0.577
0.578
0.575
0.575
0.575
0.575
0.575
0.587
0.587
0.587
0.587
0.585
0.579
0.579
0.579
0.579
0.591
0.592
0.592
0.592
0.586
0.586
0.586
0.593
0.599
0.599
0.596
0.594
0.596
0.596
0.597
0.601
0.601
0.602
0.602
0.604
0.604
0.604
0.608
0.612
0.613
0.617
0.617
0.62
0.621
0.62
0.62
0.62
0.62
0.62
0.62
0.618
0.62
0.622
0.622
0.625
0.629
0.629
0.631
0.632
0.632
0.632
0.632
0.635
0.635
0.638
0.639
0.64
0.641
0.645
0.645
0.645
0.646
0.646
0.65
0.653
0.656
0.656
0.656
0.663
0.666
0.669
0.67
0.672
0.676
0.676
0.676
0.677
0.679
0.68
0.68
0.68
0.681
0.683
0.688
0.692
0.694
0.697
0.701
0.701
0.701
0.704
0.71
0.717
0.745
1.022
1.238
1.278
1.281
1.288
1.294
1.304
1.307
1.31
1.314
1.323
1.324
1.326
1.344
1.349
1.349
1.349
1.33
1.323
1.321
1.318
1.318
1.316
1.3
1.297
1.29
1.278
1.277
1.255
1.255
1.255
1.253
1.253
1.251
1.235
1.23
1.23
1.221
1.215
1.212
1.207
1.206
1.199
1.194
1.187
1.181
1.174
1.173
1.173
1.165
1.165
1.159
1.142
1.142
1.14
1.14
1.14
1.14
1.129
1.122
1.122
1.121
1.12
1.119
1.119
1.111
1.109
1.107
1.097
1.097
1.097
1.097
1.082
1.082
1.082
1.08
1.077
1.077
1.063
1.063
1.063
1.058
1.045
1.045
1.045
1.044
1.039
1.039
1.036
1.036
1.037
1.037
1.036
1.031
1.03
1.027
1.027
1.026
1.021
1.018
1.017
1.013
1.012
1.005
1.003
1.003
1.003
1.003
1
0.988
0.988
0.988
0.988
0.988
0.988
0.985
0.984
0.979
0.975
0.975
0.974
0.974
0.973
0.971
0.971
0.97
0.97
0.97
0.964
0.96
0.96
0.952
0.95
0.948
0.946
0.946
0.943
0.934
0.934
0.934
0.938
0.938
0.938
0.933
0.928
0.924
0.923
0.92
0.913
0.908
0.908
0.909
0.908
0.908
0.908
0.9
0.9
0.9
0.906
0.906
0.906
0.899
0.899
0.892
0.89
0.884
0.869
0.811
0.727
0.576
0.454
0.418
0.415
0.415
0.417
0.417
0.418
0.418
0.418
0.415
0.415
0.415
0.421
0.421
0.421
0.421
0.419
0.418
0.418
0.418
0.418
0.418
0.419
0.423
0.424
0.423
0.423
0.417
0.415
0.415
0.416
0.416
0.416
0.416
0.416
0.414
0.414
0.422
0.414
0.418
0.418
0.418
0.416
0.418
0.418
0.416
0.421
0.422
0.426
0.422
0.422
0.422
0.422
0.421
0.422
0.421
0.421
0.424
0.424
0.424
0.426
0.428
0.426
0.426
0.423
0.423
0.423
0.424
0.424
0.424
0.424
0.424
0.424
0.43
0.43
0.43
0.424
0.424
0.424
0.426
0.427
0.428
0.428
0.428
0.432
0.432
0.43
0.43
0.43
0.43
0.43
0.432
0.432
0.436
0.444
0.444
0.444
0.444
0.441
0.437
0.436
0.436
0.435
0.436
0.436
0.436
0.436
0.436
0.435
0.435
0.435
0.44
0.441
0.445
0.445
0.447
0.447
0.445
0.445
0.449
0.453
0.453
0.453
0.456
0.452
0.452
0.452
0.458
0.458
0.459
0.458
0.458
0.457
0.451
0.443
0.432
0.431
0.423
0.419
0.416
0.415
0.412
0.4
0.399
0.398
0.398
0.397
0.391
0.385
0.385
0.372
0.369
0.369
0.369
0.365
0.364
0.364
0.356
0.354
0.354
0.354
0.354
0.354
0.351
0.342
0.34
0.338
0.338
0.338
0.338
0.337
0.336
0.333
0.326
0.322
0.321
0.319
0.318
0.316
0.311
0.311
0.311
0.306
0.306
0.306
0.305
0.299
0.299
0.299
0.299
0.299
0.293
0.291
0.289
0.289
0.291
0.28
0.278
0.276
0.273
0.272
0.271
0.271
0.271
0.27
0.27
0.27
0.27
0.27
0.261
0.26
0.26
0.255
0.255
0.255
0.255
0.255
0.255
0.255
0.254
0.251
0.249
0.248
0.248
0.248
0.248
0.248
0.248
0.246
0.244
0.244
0.241
0.237
0.241
0.237
0.241
0.238
0.238
0.238
0.238
0.237
0.237
0.237
0.235
0.231
0.231
0.231
0.225
0.219
0.219
0.219
0.219
0.221
0.223
0.221
0.221
0.222
0.223
0.222
0.224
0.224
0.224
0.224
0.224
0.223
0.222
0.22
0.217
0.217
0.217
0.217
0.217
0.215
0.213
0.213
0.213
0.213
0.214
0.214
0.214
0.206
0.206
0.206
0.205
0.206
0.206
0.211
0.211
0.211
0.208
0.206
0.205
0.205
0.198
0.198
0.196
0.196
0.196
0.204
0.204
0.204
0.203
0.203
0.202
0.202
0.202
0.2
0.196
0.2
0.2
0.2
0.2
0.2
0.194
0.185
0.185
0.185
0.198
0.198
0.199
0.199
0.199
0.197
0.197
0.197
0.192
0.192
0.197
0.197
0.198
0.199
0.198
0.198
0.197
0.194
0.194
0.193
0.192
0.192
0.193
0.193
0.191
0.192
0.194
0.194
0.194
0.194
0.194
0.194
0.194
0.188
0.188
0.189
0.188
0.189
0.189
0.189
0.189
0.189
0.188
0.189
0.19
0.189
0.189
0.19
0.189
0.189
0.19
0.19
0.188
0.19
0.188
0.188
0.189
0.19
0.189
0.189
0.183
0.181
0.18
0.179
0.179
0.169
0.167
0.163
0.159
0.159
0.159
0.167
0.179
0.179
0.18
0.181
0.181
0.181
0.181
0.181
0.181
0.182
0.183
0.182
0.183
0.183
0.183
0.185
0.185
0.187
0.184
0.187
0.187
0.187
0.184
0.182
0.181
0.18
0.181
0.181
0.184
0.184
0.186
0.186
0.186
0.184
0.186
0.185
0.185
0.186
0.191
0.191
0.191
0.188
0.188
0.188
0.192
0.193
0.193
0.193
0.193
0.195
0.195
0.196
0.196
0.196
0.197
0.198
0.197
0.198
0.198
0.198
0.198
0.198
0.194
0.194
0.194
0.204
0.204
0.204
0.204
0.206
0.2
0.203
0.203
0.203
0.203
0.203
0.207
0.207
0.203
0.203
0.201
0.196
0.2
0.198
0.198
0.2
0.2
0.202
0.202
0.202
0.202
0.203
0.203
0.203
0.203
0.201
0.201
0.204
0.204
0.204
0.205
0.21
0.21
0.212
0.211
0.21
0.205
0.205
0.205
0.205
0.206
0.207
0.209
0.209
0.209
0.209
0.209
0.209
0.21
0.215
0.216
0.216
0.214
0.216
0.218
0.216
0.216
0.216
0.216
0.216
0.213
0.216
0.219
0.216
0.218
0.218
0.218
0.218
0.218
0.219
0.219
0.219
0.215
0.215
0.215
0.215
0.215
0.215
0.215
0.213
0.21
0.21
0.21
0.21
0.21
0.21
0.21
0.202
0.202
0.201
0.202
0.202
0.201
0.199
0.197
0.197
0.197
0.197
0.191
0.188
0.183
0.183
0.179
0.177
0.172
0.177
0.168
0.164
0.164
