0.609
0.611
0.611
0.611
0.62
0.621
0.622
0.622
0.627
0.634
0.636
0.639
0.646
0.646
0.646
0.647
0.654
0.655
0.655
0.655
0.661
0.664
0.67
0.673
0.676
0.683
0.689
0.689
0.69
0.692
0.696
0.697
0.703
0.704
0.706
0.716
0.717
0.717
0.722
0.725
0.731
0.731
0.744
0.747
0.757
0.76
0.76
0.761
0.767
0.782
0.784
0.785
0.79
0.802
0.805
0.816
0.826
0.826
0.832
0.836
0.843
0.843
0.844
0.848
0.86
0.87
0.872
0.879
0.894
0.898
0.901
0.911
0.911
0.924
0.934
0.945
0.952
0.953
0.966
0.967
0.981
0.996
1.005
1.014
1.017
1.024
1.027
1.041
1.056
1.057
1.08
1.094
1.106
1.113
1.124
1.125
1.139
1.162
1.172
1.183
1.192
1.211
1.233
1.243
1.276
1.283
1.299
1.313
1.336
1.341
1.363
1.379
1.381
1.415
1.44
1.459
1.47
1.49
1.522
1.541
1.563
1.595
1.618
1.638
1.669
1.699
1.726
1.748
1.796
1.808
1.842
1.869
1.909
1.949
1.98
2.021
2.072
2.11
2.14
2.145
2.147
2.147
2.147
2.146
2.146
2.139
2.139
2.139
2.138
2.138
2.127
2.127
2.125
2.125
2.123
2.123
2.123
2.123
2.122
2.122
2.122
2.122
2.113
2.112
2.112
2.11
2.11
2.11
2.11
2.11
2.11
2.11
2.11
2.11
2.111
2.111
2.11
2.11
2.11
2.105
2.11
2.111
2.112
2.112
2.112
2.103
2.102
2.102
2.103
2.102
2.101
1.688
1.112
0.884
0.77
0.721
0.69
0.663
0.553
0.458
0.437
0.413
0.413
0.41
0.413
0.413
0.415
0.415
0.415
0.42
0.42
0.414
0.412
0.414
0.414
0.417
0.421
0.423
0.425
0.425
0.425
0.419
0.416
0.416
0.416
0.42
0.42
0.42
0.415
0.415
0.415
0.417
0.426
0.426
0.424
0.424
0.426
0.426
0.426
0.427
0.429
0.427
0.429
0.429
0.429
0.43
0.432
0.432
0.434
0.437
0.437
0.438
0.437
0.437
0.438
0.439
0.439
0.442
0.443
0.443
0.443
0.443
0.443
0.445
0.445
0.445
0.438
0.438
0.438
0.44
0.441
0.452
0.452
0.452
0.453
0.455
0.456
0.457
0.456
0.456
0.46
0.455
0.455
0.463
0.463
0.463
0.463
0.464
0.469
0.465
0.467
0.467
0.467
0.467
0.468
0.474
0.475
0.478
0.478
0.478
0.478
0.478
0.478
0.478
0.478
0.48
0.482
0.486
0.486
0.491
0.492
0.492
0.492
0.492
0.493
0.492
0.493
0.493
0.501
0.506
0.506
0.508
0.508
0.508
0.509
0.51
0.511
0.517
0.517
0.517
0.516
0.516
0.516
0.516
0.522
0.525
0.532
0.533
0.533
0.535
0.535
0.535
0.537
0.537
0.537
0.541
0.541
0.545
0.55
0.55
0.555
0.555
0.559
0.559
0.559
0.561
0.565
0.568
0.572
0.579
0.579
0.581
0.581
0.582
0.583
0.585
0.589
0.594
0.597
0.597
0.598
0.604
0.605
0.608
0.608
0.614
0.614
0.619
0.62
0.62
0.623
0.628
0.632
0.634
0.643
0.645
0.646
0.65
0.654
0.656
0.656
0.664
0.665
0.665
0.675
0.679
0.68
0.686
0.687
0.694
0.7
0.704
0.709
0.709
0.713
0.73
0.73
0.73
0.73
0.723
0.722
0.719
0.719
0.718
0.714
0.718
0.71
0.708
0.701
0.695
0.691
0.69
0.69
0.69
0.691
0.691
0.691
0.688
0.687
0.685
0.685
0.685
0.685
0.685
0.685
0.682
0.674
0.673
0.667
0.667
0.667
0.667
0.665
0.665
0.66
0.66
0.658
0.658
0.658
0.656
0.654
0.65
0.643
0.64
0.64
0.64
0.648
0.648
0.648
0.643
0.643
0.643
0.643
0.643
0.636
0.636
0.633
0.633
0.63
0.63
0.626
0.626
0.625
0.625
0.622
0.623
0.622
0.621
0.62
0.62
0.62
0.617
0.617
0.616
0.615
0.615
0.615
0.614
0.613
0.612
0.608
0.606
0.606
0.604
0.604
0.605
0.605
0.605
0.605
0.6
0.6
0.6
0.596
0.596
0.595
0.595
0.595
0.603
0.603
0.603
0.598
0.595
0.59
0.59
0.59
0.593
0.595
0.599
0.599
0.595
0.594
0.591
0.591
0.591
0.592
0.592
0.592
0.592
0.591
0.59
0.591
0.594
0.594
0.594
0.594
0.594
0.594
0.588
0.593
0.594
0.593
0.59
0.59
0.586
0.582
0.585
0.585
0.585
0.585
0.589
0.589
0.588
0.588
0.586
0.586
0.586
0.587
0.587
0.588
0.591
0.591
0.591
0.591
0.591
0.591
0.588
0.593
0.593
0.593
0.59
0.59
0.587
0.587
0.587
0.588
0.59
0.592
0.592
0.595
0.595
0.596
0.596
0.597
0.597
0.597
0.598
0.598
0.602
0.602
0.602
0.605
0.602
0.603
0.603
0.605
0.605
0.608
0.608
0.608
0.61
0.608
0.608
0.61
0.608
0.607
0.608
0.615
0.615
0.615
0.615
0.619
0.619
0.619
0.619
0.619
0.619
0.619
0.619
0.624
0.624
0.624
0.625
0.625
0.625
0.625
0.625
0.625
0.625
0.625
0.636
0.637
0.64
0.64
0.638
0.638
0.638
0.636
0.638
0.638
0.639
0.653
0.653
0.653
0.658
0.658
0.658
0.658
0.659
0.659
0.659
0.659
0.666
0.66
0.666
0.667
0.666
0.669
0.669
0.661
0.661
0.658
0.649
0.644
0.631
0.63
0.629
0.628
0.626
0.609
0.609
0.608
0.608
0.592
0.589
0.585
0.583
0.581
0.574
0.574
0.573
0.565
0.562
0.559
0.558
0.554
0.545
0.545
0.545
0.545
0.543
0.539
0.523
0.523
0.522
0.523
0.523
0.522
0.521
0.514
0.507
0.505
0.502
0.5
0.5
0.491
0.49
0.49
0.487
0.479
0.479
0.479
0.477
0.477
0.479
0.477
0.475
0.473
0.471
0.468
0.466
0.461
0.46
0.459
0.457
0.451
0.449
0.449
0.449
0.449
0.449
0.45
0.447
0.441
0.439
0.439
0.435
0.431
0.428
0.428
0.428
0.424
0.424
0.42
0.419
0.417
0.417
0.417
0.417
0.41
0.41
0.41
0.41
0.407
0.404
0.404
0.402
0.401
0.401
0.397
0.391
0.391
0.396
0.396
0.396
0.396
0.387
0.387
0.387
0.385
0.383
0.383
0.38
0.38
0.378
0.378
0.378
0.378
0.378
0.378
0.376
0.375
0.375
0.375
0.375
0.375
0.373
0.368
0.367
0.366
0.366
0.366
0.366
0.365
0.365
0.357
0.353
0.353
0.353
0.353
0.353
0.353
0.353
0.351
0.35
0.349
0.35
0.348
0.346
0.345
0.345
0.345
0.345
0.345
0.345
0.345
0.345
0.345
0.341
0.342
0.345
0.344
0.342
0.342
0.335
0.335
0.335
0.335
0.335
0.329
0.329
0.328
0.328
0.328
0.33
0.328
0.329
0.33
0.33
0.33
0.33
0.33
0.33
0.329
0.327
0.328
0.326
0.326
0.325
0.325
0.325
0.325
0.325
0.323
0.327
0.319
0.319
0.319
0.319
0.319
0.319
0.319
0.314
0.319
0.319
0.322
0.325
0.325
0.325
0.325
0.319
0.319
0.319
0.322
0.322
0.322
0.323
0.323
0.32
0.32
0.318
0.317
0.317
0.318
0.318
0.323
0.323
0.323
0.317
0.317
0.317
0.318
0.32
0.32
0.318
0.318
0.317
0.316
0.315
0.316
0.315
0.314
0.314
0.321
0.321
0.321
0.321
0.311
0.308
0.308
0.311
0.317
0.32
0.32
0.317
0.316
0.316
0.316
0.316
0.316
0.319
0.319
0.319
0.315
0.319
0.32
0.319
0.319
0.319
0.319
0.319
0.319
0.324
0.324
0.324
0.322
0.322
0.319
0.319
0.322
0.322
0.32
0.322
0.323
0.32
0.323
0.324
0.324
0.324
0.324
0.325
0.325
0.325
0.325
0.323
0.322
0.323
0.323
0.324
0.327
0.327
0.329
0.324
0.33
0.332
0.332
0.332
0.332
0.333
0.332
0.333
0.333
0.333
0.33
0.333
0.333
0.33
0.335
0.335
0.334
0.334
0.334
0.334
0.334
0.337
0.338
0.338
0.335
0.335
0.335
0.335
0.335
0.335
0.339
0.339
0.343
0.346
0.346
0.346
0.343
0.343
0.343
0.343
0.344
0.344
0.344
0.343
0.346
0.347
0.351
0.351
0.351
0.351
0.356
0.356
0.356
0.357
0.353
0.353
0.357
0.36
0.36
0.362
0.361
0.362
0.367
0.367
0.367
0.367
0.37
0.373
0.371
0.371
0.374
0.375
0.375
0.375
0.374
0.375
0.376
0.373
0.379
0.384
0.384
0.384
0.385
0.389
0.389
0.389
0.389
0.393
0.393
0.394
0.394
0.4
0.4
0.402
0.4
0.402
0.402
0.407
0.407
0.407
0.407
0.406
0.406
0.409
0.414
0.415
0.416
0.416
0.416
0.424
0.426
0.427
0.428
0.428
0.431
0.431
0.431
0.431
