0.331
0.336
0.336
0.336
0.336
0.336
0.336
0.34
0.341
0.341
0.342
0.346
0.348
0.348
0.351
0.351
0.358
0.358
0.358
0.358
0.358
0.361
0.363
0.371
0.371
0.371
0.371
0.373
0.375
0.38
0.381
0.382
0.383
0.388
0.388
0.399
0.399
0.4
0.399
0.399
0.403
0.403
0.407
0.411
0.414
0.416
0.421
0.421
0.426
0.427
0.427
0.434
0.435
0.435
0.439
0.439
0.442
0.445
0.445
0.446
0.449
0.456
0.456
0.464
0.467
0.469
0.471
0.476
0.477
0.476
0.483
0.484
0.484
0.495
0.5
0.503
0.505
0.505
0.509
0.517
0.524
0.53
0.531
0.536
0.542
0.544
0.549
0.562
0.566
0.567
0.568
0.57
0.578
0.582
0.592
0.597
0.599
0.601
0.61
0.617
0.624
0.633
0.64
0.647
0.647
0.647
0.638
0.638
0.633
0.633
0.636
0.636
0.635
0.635
0.635
0.631
0.631
0.626
0.626
0.629
0.629
0.626
0.629
0.628
0.626
0.628
0.628
0.628
0.627
0.627
0.625
0.622
0.625
0.622
0.625
0.62
0.62
0.62
0.619
0.612
0.612
0.612
0.614
0.614
0.614
0.612
0.612
0.611
0.611
0.607
0.606
0.601
0.602
0.602
0.602
0.605
0.605
0.608
0.608
0.605
0.605
0.605
0.6
0.6
0.605
0.606
0.609
0.609
0.609
0.606
0.604
0.6
0.6
0.6
0.6
0.603
0.603
0.604
0.604
0.605
0.605
0.605
0.605
0.605
0.605
0.605
0.606
0.612
0.606
0.607
0.607
0.607
0.607
0.607
0.604
0.607
0.604
0.604
0.604
0.608
0.604
0.606
0.606
0.602
0.6
0.602
0.602
0.605
0.608
0.613
0.614
0.614
0.614
0.607
0.607
0.607
0.607
0.611
0.613
0.611
0.611
0.603
0.603
0.603
0.611
0.611
0.612
0.619
0.619
0.619
0.619
0.615
0.615
0.612
0.615
0.611
0.615
0.615
0.619
0.62
0.625
0.625
0.625
0.625
0.626
0.626
0.626
0.63
0.631
0.631
0.631
0.631
0.631
0.631
0.632
0.632
0.632
0.632
0.632
0.632
0.634
0.635
0.635
0.635
0.636
0.636
0.64
0.642
0.645
0.645
0.645
0.645
0.645
0.647
0.647
0.647
0.646
0.645
0.645
0.646
0.652
0.661
0.661
0.662
0.662
0.657
0.657
0.666
0.666
0.668
0.698
0.818
1.087
1.132
1.151
1.161
1.18
1.183
1.185
1.183
1.183
1.183
1.183
1.183
1.201
1.201
1.205
1.212
1.22
1.22
1.22
1.221
1.227
1.23
1.232
1.233
1.239
1.241
1.244
1.248
1.254
1.255
1.263
1.264
1.264
1.265
1.276
1.278
1.278
1.279
1.278
1.278
1.269
1.259
1.258
1.255
1.246
1.242
1.239
1.224
1.211
1.21
1.208
1.207
1.198
1.184
1.18
1.177
1.17
1.163
1.151
1.149
1.147
1.137
1.136
1.128
1.118
1.118
1.117
1.104
1.103
1.091
1.086
1.081
1.081
1.077
1.075
1.074
1.063
1.062
1.047
1.047
1.044
1.042
1.037
1.034
1.027
1.025
1.023
1.015
1.01
1.007
1.001
0.998
0.998
0.999
0.997
0.997
0.99
0.986
0.984
0.981
0.977
0.975
0.975
0.968
0.962
0.96
0.96
0.958
0.953
0.95
0.947
0.941
0.941
0.936
0.934
0.934
0.934
0.924
0.919
0.915
0.915
0.915
0.915
0.912
0.909
0.903
0.902
0.894
0.894
0.892
0.894
0.89
0.89
0.882
0.88
0.88
0.877
0.877
0.871
0.87
0.869
0.865
0.864
0.864
0.859
0.858
0.857
0.857
0.854
0.851
0.851
0.85
0.846
0.842
0.842
0.842
0.838
0.833
0.832
0.829
0.824
0.816
0.815
0.807
0.805
0.76
0.71
0.526
0.355
0.316
0.299
0.291
0.288
0.288
0.29
0.288
0.29
0.29
0.285
0.284
0.284
0.281
0.28
0.279
0.279
0.279
0.279
0.279
0.285
0.283
0.283
0.281
0.281
0.281
0.279
0.275
0.275
0.279
0.281
0.281
0.281
0.281
0.276
0.275
0.275
0.275
0.272
0.271
0.269
0.269
0.269
0.27
0.27
0.279
0.28
0.28
0.28
0.278
0.276
0.274
0.274
0.274
0.274
0.274
0.274
0.27
0.27
0.27
0.27
0.27
0.272
0.274
0.272
0.27
0.27
0.268
0.268
0.269
0.268
0.269
0.269
0.269
0.268
0.269
0.268
0.268
0.268
0.267
0.267
0.267
0.266
0.266
0.265
0.265
0.265
0.271
0.271
0.271
0.271
0.264
0.264
0.264
0.264
0.263
0.264
0.264
0.264
0.267
0.273
0.273
0.267
0.267
0.267
0.267
0.269
0.269
0.271
0.271
0.271
0.271
0.272
0.274
0.274
0.273
0.273
0.273
0.273
0.273
0.274
0.274
0.275
0.275
0.278
0.275
0.276
0.276
0.275
0.275
0.275
0.275
0.275
0.279
0.279
0.275
0.275
0.275
0.275
0.279
0.28
0.28
0.28
0.281
0.28
0.281
0.282
0.287
0.281
0.281
0.287
0.284
0.277
0.284
0.284
0.284
0.288
0.289
0.289
0.289
0.289
0.29
0.289
0.295
0.288
0.287
0.287
0.287
0.287
0.289
0.296
0.296
0.296
0.296
0.294
0.292
0.292
0.294
0.297
0.297
0.3
0.304
0.306
0.306
0.306
0.306
0.308
0.308
0.312
0.308
0.308
0.307
0.307
0.307
0.308
0.308
0.308
0.299
0.299
0.297
0.292
0.291
0.29
0.29
0.283
0.282
0.281
0.278
0.273
0.273
0.269
0.267
0.261
0.26
0.26
0.258
0.258
0.256
0.255
0.256
0.248
0.248
0.251
0.251
0.251
0.251
0.247
0.246
0.243
0.239
0.239
0.237
0.237
0.239
0.237
0.237
0.234
0.233
0.229
0.229
0.228
0.228
0.228
0.228
0.222
0.222
0.221
0.218
0.218
0.217
0.221
0.217
0.221
0.217
0.217
0.217
0.217
0.209
0.209
0.209
0.212
0.212
0.212
0.21
0.201
0.201
0.199
0.201
0.202
0.203
0.203
0.203
0.202
0.204
0.199
0.199
0.199
0.198
0.198
0.198
0.197
0.197
0.193
0.193
0.193
0.193
0.191
0.192
0.186
0.186
0.186
0.185
0.185
0.187
0.186
0.186
0.187
0.188
0.186
0.188
0.188
0.183
0.182
0.183
0.183
0.182
0.182
0.182
0.178
0.176
0.175
0.176
0.176
0.179
0.179
0.179
0.179
0.179
0.178
0.178
0.178
0.178
0.178
0.178
0.178
0.178
0.173
0.172
0.172
0.172
0.169
0.172
0.172
0.165
0.172
0.172
0.167
0.165
0.165
0.161
0.165
0.165
0.163
0.165
0.166
0.165
0.165
0.165
0.165
0.164
0.162
0.162
0.16
0.158
0.158
0.158
0.158
0.159
0.16
0.161
0.16
0.16
0.161
0.162
0.162
0.162
0.163
0.162
0.16
0.16
0.161
0.161
0.161
0.162
0.161
0.161
0.161
0.161
0.157
0.157
0.157
0.156
0.156
0.156
0.151
0.149
0.151
0.151
0.149
0.148
0.148
0.148
0.151
0.151
0.151
0.154
0.154
0.158
0.158
0.158
0.154
0.148
0.148
0.148
0.15
0.153
0.153
0.153
0.151
0.151
0.146
0.146
0.155
0.156
0.155
0.155
0.155
0.153
0.153
0.153
0.153
0.152
0.152
0.151
0.149
0.149
0.149
0.149
0.153
0.153
0.145
0.145
0.15
0.15
0.152
0.152
0.157
0.157
0.157
0.157
0.155
0.154
0.148
0.151
0.151
0.151
0.151
0.151
0.152
0.152
0.152
0.152
0.152
0.148
0.148
0.146
0.151
0.146
0.148
0.143
0.148
0.148
0.148
0.151
0.155
0.156
0.157
0.157
0.157
0.157
0.154
0.154
0.154
0.154
0.154
0.155
0.155
0.155
0.154
0.151
0.15
0.15
0.15
0.153
0.156
0.16
0.16
0.16
0.16
0.164
0.162
0.162
0.155
0.154
0.153
0.153
0.154
0.161
0.164
0.164
0.164
0.163
0.163
0.163
0.163
0.163
0.164
0.164
0.157
0.156
0.157
0.157
0.158
0.16
0.161
0.161
0.163
0.164
0.166
0.166
0.166
0.166
0.166
0.167
0.167
0.159
0.156
0.159
0.159
0.16
0.16
0.162
0.162
0.161
0.161
0.165
0.161
0.165
0.165
0.162
0.162
0.166
0.162
0.166
0.167
0.168
0.167
0.167
0.169
0.169
0.169
0.169
0.169
0.169
0.169
0.171
0.175
0.174
0.175
0.175
0.174
0.165
0.165
0.165
0.172
0.173
0.173
0.172
0.17
0.17
0.17
0.174
0.181
0.183
0.184
0.184
0.183
0.182
0.182
0.18
0.18
0.179
0.179
0.179
0.179
0.18
0.18
0.18
0.175
0.178
0.178
0.175
0.177
0.178
0.183
0.184
0.184
0.185
0.185
0.185
0.19
0.19
0.19
0.182
0.181
0.181
0.182
0.185
0.185
0.185
0.171
0.171
0.164
0.167
0.167
0.167
0.17
0.171
0.178
0.171
