0.475
0.48
0.49
0.491
0.492
0.493
0.496
0.496
0.496
0.498
0.504
0.513
0.513
0.513
0.513
0.516
0.517
0.517
0.523
0.527
0.532
0.533
0.533
0.537
0.543
0.544
0.544
0.546
0.552
0.555
0.555
0.559
0.56
0.577
0.579
0.579
0.58
0.589
0.589
0.591
0.595
0.6
0.605
0.608
0.61
0.612
0.621
0.626
0.628
0.628
0.629
0.634
0.641
0.648
0.652
0.653
0.655
0.66
0.665
0.669
0.677
0.684
0.691
0.692
0.704
0.711
0.712
0.714
0.728
0.732
0.732
0.74
0.756
0.761
0.765
0.77
0.78
0.782
0.787
0.787
0.798
0.81
0.82
0.825
0.84
0.841
0.847
0.853
0.853
0.846
0.846
0.846
0.844
0.844
0.846
0.844
0.844
0.844
0.837
0.833
0.833
0.832
0.833
0.833
0.828
0.825
0.825
0.825
0.825
0.825
0.825
0.817
0.817
0.817
0.817
0.817
0.818
0.818
0.818
0.818
0.818
0.818
0.815
0.804
0.804
0.804
0.808
0.81
0.811
0.81
0.81
0.809
0.808
0.803
0.804
0.804
0.803
0.803
0.802
0.802
0.802
0.802
0.802
0.801
0.801
0.799
0.799
0.799
0.8
0.799
0.799
0.799
0.797
0.796
0.797
0.797
0.796
0.795
0.793
0.793
0.793
0.793
0.793
0.793
0.793
0.793
0.792
0.792
0.791
0.791
0.791
0.792
0.794
0.796
0.796
0.796
0.796
0.796
0.794
0.794
0.796
0.792
0.792
0.792
0.796
0.795
0.798
0.8
0.801
0.801
0.801
0.801
0.792
0.79
0.79
0.79
0.798
0.799
0.799
0.798
0.796
0.796
0.796
0.791
0.792
0.799
0.794
0.793
0.794
0.799
0.794
0.793
0.79
0.79
0.79
0.793
0.795
0.801
0.801
0.805
0.805
0.805
0.808
0.808
0.808
0.806
0.805
0.805
0.806
0.813
0.813
0.813
0.812
0.812
0.809
0.809
0.811
0.815
0.817
0.817
0.819
0.817
0.817
0.817
0.817
0.816
0.816
0.823
0.818
0.824
0.824
0.824
0.824
0.83
0.824
0.824
0.835
0.836
0.836
0.836
0.836
0.839
0.84
0.847
0.849
0.852
0.852
0.849
0.849
0.849
0.849
0.853
0.855
0.859
0.861
0.861
0.865
0.866
0.868
0.869
0.871
0.871
0.871
0.872
0.878
0.878
0.878
0.878
0.878
0.878
0.882
0.891
0.891
0.894
0.896
0.896
0.897
0.901
0.901
0.902
0.908
0.911
0.912
0.912
0.913
0.913
0.913
0.913
0.926
0.926
0.926
0.934
0.934
0.934
0.936
0.936
0.936
0.94
0.942
0.947
0.95
0.957
0.957
0.959
0.959
0.97
0.97
0.971
0.974
0.974
0.982
0.985
0.99
0.992
0.998
1
1.002
1.002
1.002
1.014
1.02
1.023
1.025
1.025
1.026
1.035
1.036
1.042
1.05
1.051
1.053
1.053
1.055
1.055
1.067
1.075
1.079
1.079
1.079
1.083
1.088
1.091
1.108
1.113
1.12
1.124
1.124
1.128
1.13
1.149
1.151
1.155
1.158
1.161
1.175
1.176
1.177
1.186
1.186
1.193
1.196
1.199
1.206
1.228
1.231
1.231
1.236
1.247
1.247
1.258
1.265
1.268
1.285
1.289
1.297
1.301
1.307
1.31
1.328
1.334
1.339
1.353
1.362
1.365
1.375
1.396
1.408
1.415
1.431
1.435
1.444
1.46
1.461
1.468
1.49
1.5
1.501
1.51
1.526
1.539
1.539
1.541
1.541
1.541
1.438
0.772
0.688
0.666
0.662
0.66
0.66
0.658
0.657
0.657
0.654
0.653
0.652
0.65
0.648
0.648
0.647
0.647
0.643
0.647
0.637
0.636
0.637
0.639
0.637
0.636
0.627
0.627
0.627
0.631
0.631
0.631
0.628
0.625
0.624
0.624
0.622
0.62
0.62
0.62
0.62
0.62
0.62
0.617
0.616
0.613
0.612
0.61
0.61
0.608
0.608
0.608
0.608
0.608
0.608
0.608
0.608
0.602
0.602
0.6
0.592
0.594
0.594
0.594
0.594
0.594
0.598
0.598
0.598
0.591
0.591
0.59
0.59
0.59
0.589
0.589
0.592
0.589
0.586
0.584
0.584
0.584
0.583
0.586
0.587
0.587
0.587
0.587
0.588
0.585
0.588
0.588
0.588
0.588
0.588
0.591
0.587
0.587
0.58
0.586
0.579
0.577
0.577
0.583
0.583
0.583
0.583
0.584
0.585
0.58
0.576
0.578
0.576
0.574
0.569
0.569
0.569
0.569
0.572
0.573
0.573
0.574
0.574
0.577
0.579
0.579
0.579
0.581
0.581
0.582
0.582
0.582
0.583
0.583
0.582
0.583
0.585
0.583
0.583
0.584
0.583
0.582
0.582
0.581
0.581
0.582
0.589
0.589
0.589
0.589
0.589
0.589
0.594
0.594
0.594
0.589
0.588
0.588
0.586
0.588
0.594
0.594
0.594
0.595
0.599
0.6
0.6
0.6
0.599
0.599
0.593
0.593
0.593
0.593
0.591
0.591
0.595
0.595
0.597
0.6
0.6
0.6
0.6
0.603
0.612
0.615
0.612
0.615
0.615
0.615
0.617
0.618
0.62
0.62
0.62
0.62
0.62
0.625
0.628
0.628
0.628
0.629
0.629
0.628
0.633
0.633
0.633
0.637
0.637
0.637
0.637
0.638
0.639
0.645
0.645
0.645
0.646
0.646
0.646
0.651
0.651
0.653
0.653
0.655
0.656
0.656
0.656
0.657
0.665
0.666
0.666
0.67
0.672
0.673
0.674
0.676
0.674
0.676
0.676
0.684
0.685
0.687
0.688
0.692
0.698
0.698
0.699
0.698
0.702
0.701
0.702
0.701
0.702
0.713
0.714
0.715
0.717
0.717
0.717
0.715
0.7
0.695
0.692
0.689
0.682
0.679
0.673
0.671
0.669
0.666
0.659
0.657
0.655
0.655
0.646
0.646
0.646
0.644
0.641
0.635
0.632
0.631
0.624
0.622
0.619
0.615
0.612
0.612
0.608
0.608
0.601
0.598
0.597
0.595
0.597
0.594
0.588
0.586
0.583
0.583
0.583
0.583
0.581
0.579
0.572
0.569
0.568
0.565
0.564
0.562
0.56
0.552
0.55
0.549
0.549
0.547
0.547
0.546
0.544
0.537
0.534
0.533
0.532
0.531
0.529
0.525
0.525
0.522
0.522
0.522
0.522
0.52
0.519
0.519
0.519
0.511
0.52
0.52
0.518
0.509
0.506
0.506
0.503
0.501
0.502
0.502
0.502
0.502
0.495
0.495
0.494
0.493
0.489
0.489
0.492
0.492
0.492
0.492
0.492
0.489
0.486
0.48
0.48
0.479
0.475
0.478
0.478
0.475
0.475
0.475
0.473
0.466
0.473
0.467
0.467
0.466
0.466
0.466
0.466
0.466
0.461
0.461
0.46
0.458
0.457
0.457
0.458
0.464
0.464
0.464
0.461
0.458
0.458
0.458
0.457
0.458
0.458
0.458
0.457
0.454
0.454
0.454
0.448
0.446
0.445
0.445
0.445
0.447
0.466
0.474
0.515
0.625
0.656
0.677
0.71
0.77
0.91
0.942
0.949
0.949
0.949
0.949
0.943
0.943
0.943
0.941
0.941
0.938
0.936
0.936
0.933
0.926
0.926
0.926
0.926
0.926
0.935
0.931
0.923
0.93
0.931
0.93
0.93
0.931
0.932
0.979
1.534
1.614
1.645
1.651
1.656
1.656
1.657
1.657
1.656
1.655
1.653
1.653
1.653
1.653
1.653
1.655
1.655
1.655
1.653
1.653
1.653
1.653
1.651
1.648
1.654
1.654
1.656
1.658
1.658
1.658
1.658
1.658
1.658
1.655
1.655
1.655
1.655
1.652
1.652
1.654
1.652
1.652
1.651
1.65
1.648
1.648
1.651
1.659
1.659
1.66
1.66
1.66
1.661
1.661
1.661
1.661
1.657
1.657
1.661
1.661
1.663
1.664
1.664
1.662
1.667
1.667
1.671
1.672
1.679
1.679
1.68
1.681
1.681
1.681
1.681
1.681
1.679
1.66
1.602
1.577
1.538
1.528
1.494
1.452
1.431
1.413
1.388
1.348
1.324
1.316
1.288
1.27
1.236
1.234
1.21
1.199
1.176
1.168
1.146
1.13
1.111
1.097
1.087
1.067
1.059
1.045
1.035
1.019
1.003
0.988
0.981
0.972
0.96
0.948
0.934
0.93
0.913
0.904
0.897
0.888
0.887
0.858
0.853
0.852
0.843
0.835
0.823
0.813
0.809
0.808
0.795
0.785
0.779
0.768
0.759
0.758
0.75
0.742
0.738
0.735
0.729
0.723
0.722
0.715
0.712
0.709
0.693
0.688
0.685
0.683
0.677
0.674
0.668
0.667
0.652
0.645
0.643
0.643
0.643
0.643
0.634
0.627
0.621
0.612
0.61
0.604
0.603
0.597
0.592
0.591
0.577
0.574
0.574
0.573
0.571
0.571
0.568
0.567
0.566
0.56
0.559
0.558
0.546
0.546
0.545
0.545
0.545
0.537
0.534
0.534
0.534
0.532
0.532
0.529
0.528
0.52
0.519
0.513
0.51
0.51
0.5
0.492
0.492
0.492
0.489
0.492
0.486
0.486
0.486
0.486
