0.538
0.54
0.54
0.538
0.532
0.532
0.53
0.531
0.53
0.52
0.51
0.509
0.509
0.508
0.508
0.508
0.51
0.51
0.51
0.504
0.502
0.502
0.502
0.497
0.493
0.493
0.492
0.492
0.49
0.49
0.49
0.49
0.482
0.481
0.481
0.481
0.471
0.471
0.469
0.468
0.465
0.463
0.461
0.458
0.457
0.457
0.453
0.453
0.452
0.452
0.451
0.449
0.441
0.441
0.441
0.441
0.441
0.441
0.437
0.437
0.437
0.436
0.436
0.435
0.432
0.432
0.427
0.427
0.43
0.43
0.43
0.43
0.426
0.426
0.426
0.426
0.424
0.424
0.416
0.414
0.414
0.415
0.415
0.415
0.415
0.408
0.408
0.408
0.409
0.409
0.409
0.409
0.409
0.412
0.414
0.414
0.416
0.416
0.413
0.406
0.406
0.405
0.406
0.407
0.407
0.405
0.4
0.396
0.396
0.396
0.396
0.397
0.397
0.397
0.404
0.398
0.398
0.398
0.395
0.391
0.391
0.391
0.395
0.391
0.39
0.39
0.388
0.388
0.388
0.388
0.388
0.385
0.384
0.384
0.384
0.387
0.388
0.39
0.39
0.393
0.393
0.393
0.392
0.392
0.389
0.387
0.389
0.389
0.39
0.39
0.39
0.39
0.388
0.388
0.387
0.386
0.387
0.38
0.378
0.379
0.379
0.379
0.38
0.383
0.383
0.383
0.38
0.374
0.374
0.378
0.378
0.378
0.382
0.382
0.382
0.377
0.369
0.369
0.369
0.376
0.376
0.379
0.376
0.374
0.374
0.375
0.375
0.378
0.378
0.378
0.379
0.379
0.384
0.386
0.386
0.384
0.384
0.384
0.384
0.381
0.381
0.384
0.384
0.384
0.385
0.385
0.385
0.381
0.385
0.384
0.381
0.384
0.384
0.384
0.38
0.382
0.382
0.382
0.382
0.382
0.382
0.382
0.383
0.384
0.384
0.384
0.384
0.384
0.386
0.388
0.386
0.386
0.386
0.384
0.382
0.382
0.382
0.384
0.388
0.39
0.39
0.391
0.391
0.388
0.387
0.388
0.388
0.393
0.398
0.4
0.4
0.395
0.395
0.394
0.394
0.394
0.392
0.392
0.393
0.392
0.392
0.393
0.393
0.401
0.402
0.404
0.404
0.403
0.403
0.404
0.408
0.409
0.409
0.41
0.412
0.412
0.413
0.413
0.422
0.422
0.416
0.416
0.414
0.414
0.415
0.415
0.422
0.424
0.424
0.422
0.42
0.42
0.42
0.425
0.427
0.427
0.427
0.427
0.427
0.427
0.428
0.431
0.433
0.437
0.437
0.438
0.439
0.443
0.446
0.446
0.446
0.448
0.448
0.448
0.448
0.448
0.447
0.447
0.448
0.452
0.453
0.458
0.458
0.458
0.459
0.462
0.462
0.465
0.465
0.465
0.467
0.47
0.472
0.472
0.471
0.471
0.471
0.471
0.484
0.486
0.491
0.492
0.496
0.498
0.499
0.499
0.501
0.505
0.502
0.505
0.505
0.505
0.507
0.508
0.51
0.51
0.513
0.513
0.514
0.518
0.52
0.528
0.528
0.528
0.532
0.537
0.54
0.54
0.541
0.541
0.544
0.543
0.548
0.548
0.556
0.556
0.556
0.559
0.559
0.559
0.559
0.56
0.561
0.563
0.561
0.561
0.554
0.546
0.545
0.541
0.541
0.54
0.531
0.531
0.53
0.531
0.528
0.531
0.531
0.531
0.527
0.527
0.521
0.519
0.516
0.511
0.511
0.509
0.507
0.507
0.505
0.498
0.498
0.498
0.499
0.499
0.499
0.493
0.493
0.493
0.494
0.494
0.494
0.493
0.493
0.491
0.49
0.482
0.482
0.482
0.48
0.477
0.475
0.474
0.474
0.47
0.47
0.469
0.469
0.467
0.467
0.463
0.463
0.461
0.461
0.463
0.463
0.461
0.463
0.46
0.458
0.458
0.457
0.454
0.454
0.454
0.454
0.454
0.454
0.454
0.45
0.45
0.45
0.444
0.441
0.443
0.443
0.444
0.443
0.443
0.442
0.442
0.442
0.442
0.441
0.438
0.436
0.434
0.434
0.434
0.438
0.438
0.44
0.439
0.438
0.437
0.437
0.437
0.429
0.428
0.428
0.428
0.429
0.428
0.426
0.426
0.426
0.426
0.427
0.427
0.427
0.423
0.423
0.422
0.422
0.422
0.425
0.424
0.424
0.425
0.424
0.424
0.424
0.424
0.424
0.425
0.425
0.426
0.425
0.42
0.42
0.422
0.42
0.42
0.419
0.419
0.419
0.421
0.423
0.424
0.424
0.425
0.424
0.425
0.425
0.425
0.425
0.426
0.426
0.419
0.428
0.423
0.419
0.423
0.428
0.423
0.419
0.42
0.419
0.417
0.419
0.42
0.422
0.422
0.426
0.426
0.426
0.426
0.426
0.426
0.426
0.421
0.42
0.419
0.419
0.419
0.424
0.424
0.425
0.424
0.42
0.42
0.42
0.42
0.42
0.422
0.423
0.423
0.418
0.426
0.426
0.417
0.422
0.43
0.428
0.424
0.424
0.427
0.424
0.424
0.427
0.429
0.429
0.429
0.429
0.429
0.433
0.433
0.433
0.434
0.438
0.433
0.432
0.435
0.432
0.432
0.435
0.435
0.434
0.436
0.438
0.437
0.438
0.442
0.442
0.442
0.443
0.442
0.438
0.443
0.443
0.444
0.445
0.447
0.447
0.447
0.448
0.448
0.445
0.448
0.449
0.449
0.449
0.449
0.45
0.451
0.456
0.457
0.457
0.456
0.452
0.452
0.452
0.455
0.455
0.459
0.461
0.461
0.465
0.465
0.47
0.473
0.47
0.47
0.474
0.474
0.474
0.475
0.476
0.479
0.48
0.48
0.48
0.481
0.483
0.485
0.487
0.487
0.487
0.488
0.488
0.488
0.488
0.488
0.489
0.489
0.488
0.488
0.489
0.489
0.497
0.499
0.499
0.501
0.504
0.501
0.507
0.507
0.507
0.513
0.515
0.515
0.519
0.519
0.519
0.524
0.525
0.525
0.525
0.525
0.526
0.526
0.537
0.542
0.543
0.543
0.543
0.547
0.547
0.549
0.549
0.549
0.549
0.548
0.547
0.546
0.537
0.537
0.535
0.534
0.531
0.521
0.52
0.517
0.516
0.516
0.516
0.513
0.511
0.511
0.505
0.502
0.502
0.5
0.496
0.492
0.491
0.49
0.488
0.486
0.484
0.483
0.481
0.481
0.47
0.47
0.47
0.469
0.466
0.465
0.463
0.463
0.458
0.458
0.458
0.458
0.455
0.455
0.455
0.454
0.452
0.452
0.453
0.45
0.452
0.452
0.451
0.45
0.446
0.446
0.446
0.437
0.437
0.436
0.433
0.436
0.437
0.433
0.431
0.429
0.427
0.426
0.423
0.423
0.421
0.423
0.421
0.421
0.42
0.415
0.414
0.415
0.415
0.415
0.414
0.406
0.406
0.405
0.406
0.411
0.411
0.405
0.401
0.401
0.4
0.401
0.401
0.401
0.401
0.401
0.401
0.4
0.395
0.394
0.392
0.387
0.387
0.387
0.387
0.388
0.388
0.388
0.386
0.387
0.386
0.386
0.385
0.385
0.382
0.381
0.381
0.381
0.381
0.385
0.386
0.389
0.389
0.385
0.381
0.38
0.379
0.375
0.369
0.367
0.367
0.367
0.367
0.37
0.37
0.37
0.368
0.368
0.367
0.367
0.371
0.376
0.376
0.376
0.372
0.372
0.372
0.372
0.372
0.371
0.371
0.371
0.369
0.373
0.373
0.362
0.361
0.36
0.36
0.36
0.36
0.361
0.363
0.367
0.364
0.363
0.363
0.363
0.361
0.358
0.36
0.36
0.358
0.351
0.351
0.351
0.36
0.36
0.36
0.36
0.363
0.36
0.36
0.363
0.36
0.36
0.363
0.364
0.364
0.364
0.364
0.364
0.368
0.364
0.364
0.362
0.358
0.358
0.358
0.357
0.358
0.36
0.36
0.36
0.365
0.365
0.365
0.365
0.365
0.362
0.362
0.365
0.365
0.366
0.366
0.365
0.365
0.365
0.365
0.367
0.368
0.367
0.367
0.367
0.367
0.367
0.366
0.366
0.366
0.368
0.366
0.366
0.374
0.367
0.366
0.367
0.367
0.367
0.365
0.365
0.365
0.368
0.369
0.372
0.373
0.374
0.374
0.376
0.374
0.371
0.371
0.374
0.374
0.376
0.376
0.377
0.377
0.376
0.375
0.375
0.375
0.377
0.377
0.382
0.377
0.377
0.379
0.382
0.383
0.383
0.383
0.383
0.383
0.383
0.384
0.384
0.382
0.382
0.382
0.382
0.385
0.387
0.388
0.389
0.389
0.388
0.389
0.392
0.392
0.394
0.396
0.398
0.398
0.398
0.396
0.396
0.396
0.4
0.404
0.408
0.408
0.41
0.413
0.413
0.413
0.401
0.399
0.399
0.401
0.402
0.404
0.413
0.413
0.413
0.413
0.416
0.417
0.417
0.417
0.421
0.421
0.425
0.428
0.425
0.422
0.425
0.433
0.435
0.437
0.437
0.44
0.442
0.443
0.444
0.45
0.45
0.444
0.444
0.444
0.444
0.447
0.447
0.448
0.448
0.448
0.452
0.453
0.457
0.463
0.463
0.464
0.464
0.466
0.468
0.472
0.473
0.476
0.481
0.484
0.484
0.484
0.486
0.488
0.489
0.489
0.489
