0.333
0.334
0.343
0.345
0.345
0.345
0.349
0.349
0.349
0.354
0.355
0.355
0.354
0.355
0.357
0.358
0.361
0.37
0.37
0.372
0.372
0.374
0.375
0.375
0.381
0.383
0.385
0.392
0.393
0.395
0.395
0.398
0.401
0.401
0.405
0.406
0.406
0.409
0.411
0.414
0.419
0.419
0.423
0.427
0.427
0.429
0.429
0.431
0.431
0.432
0.438
0.444
0.446
0.453
0.462
0.462
0.461
0.461
0.463
0.466
0.475
0.479
0.48
0.481
0.487
0.493
0.499
0.499
0.503
0.508
0.509
0.511
0.512
0.519
0.53
0.532
0.532
0.54
0.542
0.547
0.557
0.56
0.562
0.564
0.566
0.569
0.578
0.587
0.59
0.605
0.608
0.615
0.615
0.615
0.614
0.612
0.612
0.612
0.611
0.611
0.611
0.611
0.606
0.605
0.605
0.603
0.603
0.603
0.603
0.603
0.605
0.603
0.603
0.6
0.599
0.599
0.599
0.598
0.597
0.598
0.598
0.598
0.596
0.596
0.595
0.594
0.594
0.59
0.59
0.589
0.588
0.588
0.585
0.585
0.584
0.585
0.586
0.586
0.587
0.587
0.582
0.582
0.582
0.582
0.584
0.584
0.584
0.584
0.582
0.582
0.578
0.577
0.578
0.575
0.575
0.578
0.578
0.578
0.578
0.582
0.583
0.593
0.593
0.593
0.584
0.584
0.583
0.584
0.586
0.586
0.583
0.586
0.58
0.58
0.58
0.584
0.58
0.584
0.584
0.584
0.587
0.587
0.584
0.582
0.584
0.581
0.582
0.577
0.581
0.577
0.577
0.577
0.581
0.581
0.584
0.584
0.586
0.584
0.583
0.581
0.581
0.58
0.574
0.574
0.579
0.578
0.579
0.579
0.579
0.578
0.581
0.581
0.584
0.589
0.589
0.589
0.589
0.59
0.59
0.59
0.59
0.59
0.59
0.591
0.592
0.594
0.594
0.592
0.592
0.592
0.592
0.594
0.594
0.594
0.595
0.596
0.597
0.597
0.599
0.599
0.599
0.599
0.597
0.597
0.601
0.601
0.601
0.604
0.607
0.607
0.605
0.607
0.605
0.605
0.61
0.612
0.612
0.614
0.615
0.616
0.616
0.616
0.616
0.617
0.619
0.621
0.621
0.623
0.621
0.625
0.623
0.626
0.626
0.626
0.626
0.626
0.628
0.634
0.634
0.635
0.635
0.634
0.634
0.637
0.639
0.64
0.647
0.678
0.774
1.057
1.101
1.131
1.153
1.16
1.162
1.169
1.172
1.172
1.179
1.181
1.181
1.182
1.182
1.194
1.196
1.2
1.203
1.204
1.205
1.214
1.214
1.215
1.219
1.228
1.228
1.228
1.23
1.24
1.24
1.243
1.25
1.251
1.259
1.26
1.265
1.265
1.265
1.261
1.251
1.244
1.231
1.229
1.222
1.216
1.211
1.195
1.195
1.194
1.182
1.178
1.169
1.165
1.162
1.159
1.155
1.153
1.137
1.136
1.134
1.124
1.115
1.115
1.113
1.106
1.104
1.102
1.081
1.081
1.079
1.073
1.066
1.064
1.062
1.053
1.048
1.045
1.045
1.042
1.039
1.037
1.027
1.014
1.014
1.013
1.011
1.003
1.003
1.003
0.998
0.989
0.989
0.988
0.987
0.987
0.975
0.971
0.969
0.965
0.964
0.957
0.957
0.951
0.947
0.946
0.946
0.943
0.941
0.936
0.936
0.936
0.927
0.927
0.927
0.927
0.927
0.924
0.913
0.9
0.9
0.9
0.902
0.906
0.906
0.902
0.901
0.899
0.89
0.888
0.882
0.877
0.873
0.873
0.873
0.874
0.874
0.874
0.87
0.87
0.87
0.863
0.866
0.864
0.864
0.863
0.863
0.858
0.853
0.851
0.849
0.844
0.843
0.841
0.84
0.84
0.84
0.835
0.835
0.834
0.834
0.83
0.83
0.827
0.827
0.825
0.827
0.822
0.822
0.821
0.82
0.809
0.805
0.798
0.791
0.79
0.785
0.785
0.785
0.784
0.776
0.727
0.689
0.605
0.436
0.345
0.305
0.282
0.282
0.282
0.283
0.283
0.283
0.282
0.281
0.281
0.281
0.281
0.281
0.279
0.281
0.281
0.281
0.278
0.278
0.278
0.278
0.281
0.281
0.281
0.273
0.272
0.271
0.271
0.269
0.269
0.269
0.27
0.272
0.273
0.278
0.278
0.275
0.275
0.275
0.275
0.276
0.277
0.279
0.277
0.276
0.274
0.269
0.267
0.269
0.269
0.269
0.269
0.271
0.269
0.269
0.271
0.267
0.267
0.269
0.269
0.269
0.274
0.274
0.274
0.274
0.272
0.269
0.272
0.269
0.27
0.269
0.27
0.27
0.27
0.27
0.27
0.268
0.268
0.268
0.268
0.268
0.266
0.272
0.268
0.275
0.272
0.272
0.272
0.275
0.275
0.278
0.278
0.278
0.273
0.272
0.271
0.264
0.264
0.264
0.271
0.272
0.272
0.271
0.271
0.276
0.276
0.276
0.277
0.277
0.277
0.277
0.277
0.277
0.277
0.277
0.277
0.277
0.278
0.283
0.283
0.283
0.283
0.283
0.281
0.281
0.281
0.281
0.279
0.278
0.277
0.278
0.278
0.287
0.289
0.289
0.289
0.287
0.287
0.287
0.288
0.288
0.288
0.297
0.297
0.289
0.291
0.289
0.289
0.289
0.29
0.29
0.292
0.292
0.29
0.29
0.289
0.289
0.289
0.3
0.3
0.3
0.299
0.299
0.299
0.299
0.301
0.301
0.295
0.295
0.3
0.297
0.3
0.3
0.3
0.298
0.302
0.302
0.306
0.317
0.317
0.317
0.316
0.316
0.316
0.318
0.325
0.327
0.325
0.318
0.325
0.329
0.318
0.318
0.317
0.317
0.311
0.307
0.305
0.301
0.298
0.298
0.294
0.292
0.292
0.291
0.288
0.285
0.284
0.283
0.281
0.28
0.281
0.282
0.28
0.27
0.28
0.27
0.269
0.269
0.269
0.268
0.268
0.264
0.263
0.261
0.254
0.254
0.256
0.256
0.256
0.256
0.255
0.253
0.25
0.246
0.25
0.25
0.251
0.251
0.251
0.251
0.243
0.243
0.242
0.238
0.238
0.234
0.234
0.234
0.233
0.233
0.229
0.229
0.233
0.233
0.232
0.232
0.232
0.229
0.229
0.229
0.229
0.226
0.229
0.225
0.22
0.219
0.218
0.217
0.217
0.218
0.218
0.214
0.218
0.214
0.214
0.214
0.21
0.21
0.206
0.205
0.205
0.206
0.206
0.211
0.211
0.211
0.211
0.207
0.207
0.207
0.207
0.205
0.205
0.206
0.205
0.199
0.199
0.199
0.199
0.203
0.203
0.206
0.203
0.203
0.202
0.202
0.2
0.201
0.201
0.2
0.201
0.201
0.198
0.192
0.192
0.192
0.192
0.189
0.188
0.188
0.188
0.189
0.194
0.194
0.195
0.195
0.195
0.195
0.193
0.191
0.187
0.191
0.187
0.187
0.187
0.191
0.187
0.188
0.188
0.188
0.188
0.188
0.186
0.186
0.186
0.185
0.185
0.185
0.185
0.185
0.186
0.186
0.186
0.191
0.191
0.188
0.188
0.182
0.179
0.175
0.175
0.179
0.179
0.179
0.179
0.179
0.176
0.176
0.176
0.175
0.175
0.177
0.177
0.177
0.177
0.179
0.176
0.176
0.174
0.174
0.174
0.176
0.176
0.176
0.176
0.176
0.176
0.174
0.174
0.174
0.174
0.174
0.174
0.174
0.182
0.182
0.182
0.182
0.182
0.18
0.18
0.18
0.183
0.18
0.183
0.179
0.179
0.178
0.178
0.174
0.174
0.174
0.174
0.174
0.177
0.177
0.177
0.177
0.178
0.179
0.178
0.179
0.179
0.177
0.176
0.176
0.176
0.174
0.172
0.171
0.171
0.172
0.171
0.171
0.173
0.171
0.171
0.175
0.175
0.175
0.175
0.175
0.175
0.177
0.177
0.178
0.183
0.183
0.183
0.181
0.177
0.177
0.177
0.177
0.177
0.177
0.179
0.181
0.181
0.181
0.179
0.175
0.175
0.175
0.177
0.177
0.177
0.172
0.171
0.171
0.171
0.174
0.174
0.181
0.181
0.181
0.177
0.181
0.18
0.181
0.18
0.181
0.18
0.181
0.181
0.183
0.183
0.183
0.183
0.183
0.183
0.183
0.186
0.188
0.189
0.189
0.19
0.19
0.19
0.187
0.189
0.189
0.189
0.192
0.192
0.192
0.192
0.19
0.189
0.189
0.189
0.189
0.189
0.19
0.189
0.191
0.191
0.191
0.192
0.192
0.186
0.186
0.195
0.191
0.191
0.192
0.192
0.191
0.192
0.192
0.191
0.191
0.193
0.193
0.2
0.2
0.196
0.2
0.201
0.197
0.201
0.202
0.202
0.202
0.204
0.21
0.207
0.204
0.207
0.207
0.207
0.207
0.21
0.21
0.21
0.21
0.205
0.205
0.21
0.211
0.211
0.211
0.213
0.207
0.207
0.207
0.207
0.204
0.204
0.199
0.199
0.199
0.2
0.191
0.2
0.211
0.211
0.212
0.219
0.22
0.23
0.23
0.231
0.234
0.234
0.232
0.232
0.232
0.232
0.232
0.231
0.234
0.234
0.234
0.234
0.234
0.234
0.234
0.234
0.238
0.246
0.246
0.247
0.247
0.246
