0.743
0.748
0.753
0.755
0.766
0.766
0.77
0.771
0.771
0.781
0.783
0.791
0.793
0.797
0.797
0.8
0.8
0.809
0.809
0.815
0.817
0.819
0.83
0.836
0.837
0.837
0.838
0.845
0.848
0.849
0.862
0.863
0.868
0.874
0.875
0.882
0.884
0.895
0.897
0.905
0.91
0.916
0.917
0.921
0.924
0.94
0.949
0.953
0.953
0.963
0.967
0.968
0.973
0.973
0.991
0.994
0.995
1.01
1.01
1.021
1.024
1.041
1.043
1.049
1.065
1.077
1.08
1.094
1.101
1.101
1.11
1.118
1.128
1.134
1.154
1.155
1.175
1.176
1.187
1.194
1.209
1.225
1.227
1.236
1.244
1.265
1.277
1.292
1.296
1.319
1.323
1.341
1.355
1.362
1.368
1.386
1.398
1.42
1.446
1.474
1.486
1.498
1.507
1.523
1.542
1.564
1.587
1.598
1.621
1.646
1.666
1.69
1.722
1.737
1.756
1.781
1.806
1.834
1.854
1.895
1.915
1.915
1.95
1.95
1.956
1.947
1.947
0.3
0.294
0.293
0.293
0.287
0.287
0.291
0.291
0.286
0.291
0.291
0.291
0.291
0.291
0.287
0.287
0.287
0.294
0.294
0.294
0.293
0.289
0.285
0.285
0.285
0.289
0.289
0.289
0.284
0.28
0.28
0.28
0.28
0.279
0.279
0.279
0.279
0.279
0.279
0.282
0.282
0.288
0.288
0.282
0.282
0.281
0.281
0.281
0.279
0.273
0.273
0.273
0.277
0.277
0.277
0.286
0.276
0.274
0.274
0.278
0.278
0.278
0.28
0.28
0.277
0.274
0.274
0.273
0.274
0.274
0.28
0.28
0.28
0.276
0.276
0.274
0.274
0.274
0.274
0.277
0.279
0.279
0.28
0.28
0.28
0.278
0.28
0.278
0.278
0.277
0.277
0.277
0.277
0.277
0.277
0.278
0.278
0.281
0.283
0.283
0.283
0.283
0.284
0.284
0.284
0.285
0.285
0.281
0.281
0.287
0.288
0.288
0.288
0.288
0.287
0.287
0.286
0.286
0.284
0.286
0.288
0.288
0.288
0.29
0.29
0.295
0.295
0.292
0.292
0.292
0.292
0.292
0.295
0.294
0.297
0.297
0.3
0.3
0.3
0.3
0.296
0.295
0.295
0.295
0.295
0.297
0.299
0.299
0.297
0.299
0.305
0.305
0.305
0.305
0.305
0.301
0.301
0.301
0.301
0.304
0.304
0.304
0.308
0.309
0.311
0.311
0.311
0.317
0.318
0.317
0.317
0.317
0.317
0.317
0.317
0.315
0.315
0.315
0.323
0.324
0.324
0.324
0.323
0.324
0.325
0.325
0.325
0.331
0.339
0.331
0.331
0.337
0.337
0.337
0.337
0.337
0.337
0.339
0.339
0.34
0.349
0.349
0.349
0.351
0.351
0.351
0.353
0.353
0.354
0.354
0.353
0.348
0.348
0.348
0.353
0.36
0.365
0.365
0.363
0.363
0.363
0.363
0.369
0.372
0.378
0.379
0.379
0.379
0.379
0.379
0.381
0.387
0.387
0.387
0.389
0.389
0.396
0.397
0.403
0.405
0.405
0.41
0.413
0.413
0.409
0.413
0.413
0.419
0.421
0.421
0.422
0.422
0.423
0.423
0.424
0.429
0.431
0.431
0.431
0.436
0.443
0.446
0.447
0.447
0.451
0.453
0.454
0.461
0.462
0.463
0.466
0.467
0.471
0.477
0.478
0.479
0.479
0.488
0.491
0.492
0.496
0.499
0.5
0.504
0.506
0.514
0.514
0.516
0.517
0.52
0.521
0.536
0.537
0.541
0.545
0.545
0.549
0.555
0.556
0.568
0.568
0.568
0.568
0.566
0.564
0.564
0.568
0.564
0.571
0.571
0.563
0.561
0.56
0.56
0.557
0.553
0.547
0.547
0.547
0.548
0.555
0.555
0.555
0.543
0.54
0.537
0.54
0.54
0.54
0.541
0.541
0.54
0.54
0.536
0.536
0.537
0.536
0.531
0.536
0.531
0.531
0.531
0.53
0.529
0.53
0.53
0.53
0.528
0.526
0.523
0.52
0.516
0.516
0.517
0.517
0.516
0.517
0.517
0.516
0.517
0.518
0.517
0.519
0.519
0.516
0.514
0.514
0.514
0.514
0.509
0.506
0.506
0.505
0.505
0.506
0.506
0.505
0.504
0.503
0.503
0.503
0.504
0.503
0.503
0.503
0.503
0.503
0.504
0.504
0.501
0.501
0.501
0.5
0.498
0.498
0.498
0.498
0.499
0.499
0.499
0.504
0.504
0.504
0.504
0.501
0.501
0.506
0.506
0.504
0.504
0.496
0.495
0.495
0.492
0.487
0.486
0.486
0.486
0.486
0.495
0.495
0.495
0.495
0.497
0.497
0.501
0.497
0.497
0.497
0.497
0.497
0.496
0.499
0.499
0.499
0.499
0.504
0.504
0.504
0.502
0.502
0.502
0.502
0.501
0.501
0.499
0.499
0.496
0.499
0.496
0.487
0.487
0.494
0.494
0.496
0.501
0.501
0.502
0.502
0.499
0.499
0.499
0.498
0.497
0.498
0.498
0.503
0.503
0.506
0.506
0.513
0.514
0.514
0.514
0.515
0.512
0.512
0.52
0.52
0.52
0.52
0.518
0.517
0.518
0.518
0.521
0.521
0.524
0.524
0.524
0.524
0.524
0.523
0.523
0.52
0.52
0.521
0.522
0.521
0.522
0.532
0.524
0.532
0.533
0.533
0.533
0.534
0.536
0.543
0.543
0.543
0.542
0.542
0.542
0.545
0.545
0.547
0.546
0.546
0.549
0.551
0.551
0.553
0.553
0.553
0.557
0.557
0.561
0.561
0.56
0.56
0.561
0.563
0.563
0.563
0.563
0.565
0.565
0.571
0.572
0.571
0.571
0.571
0.571
0.571
0.577
0.581
0.581
0.585
0.585
0.582
0.591
0.591
0.592
0.597
0.598
0.6
0.604
0.604
0.606
0.608
0.608
0.608
0.608
0.609
0.613
0.619
0.619
0.619
0.621
0.623
0.623
0.623
0.633
0.635
0.635
0.637
0.638
0.641
0.641
0.648
0.649
0.651
0.652
0.656
0.663
0.667
0.669
0.669
0.669
0.656
0.656
0.646
0.646
0.646
0.644
0.643
0.637
0.633
0.633
0.633
0.633
0.628
0.628
0.621
0.616
0.614
0.612
0.611
0.602
0.597
0.596
0.596
0.596
0.595
0.594
0.594
0.591
0.588
0.585
0.581
0.582
0.582
0.582
0.582
0.582
0.579
0.572
0.572
0.572
0.572
0.56
0.559
0.559
0.559
0.559
0.55
0.55
0.549
0.546
0.546
0.549
0.544
0.544
0.544
0.544
0.545
0.546
0.546
0.545
0.54
0.533
0.533
0.533
0.532
0.527
0.526
0.523
0.522
0.523
0.523
0.521
0.524
0.524
0.521
0.52
0.519
0.519
0.519
0.519
0.519
0.515
0.515
0.507
0.507
0.504
0.502
0.502
0.502
0.502
0.502
0.502
0.499
0.502
0.498
0.496
0.496
0.495
0.495
0.494
0.492
0.492
0.491
0.491
0.491
0.492
0.492
0.497
0.497
0.483
0.483
0.483
0.483
0.483
0.483
0.482
0.48
0.48
0.48
0.477
0.48
0.482
0.476
0.481
0.481
0.479
0.478
0.478
0.475
0.475
0.472
0.475
0.475
0.472
0.471
0.462
0.462
0.462
0.47
0.47
0.47
0.471
0.471
0.472
0.472
0.472
0.472
0.472
0.468
0.47
0.47
0.465
0.465
0.468
0.463
0.461
0.463
0.467
0.467
0.467
0.467
0.464
0.464
0.464
0.469
0.469
0.469
0.466
0.466
0.463
0.465
0.465
0.463
0.463
0.463
0.46
0.46
0.46
0.46
0.464
0.464
0.464
0.46
0.46
0.46
0.463
0.463
0.463
0.463
0.462
0.46
0.456
0.456
0.458
0.456
0.456
0.452
0.452
0.452
0.46
0.461
0.463
0.465
0.465
0.464
0.464
0.464
0.464
0.464
0.464
0.456
0.456
0.455
0.455
0.457
0.465
0.465
0.465
0.465
0.457
0.457
0.457
0.457
0.459
0.46
0.463
0.465
0.467
0.467
0.465
0.464
0.464
0.464
0.464
0.464
0.464
0.464
0.468
0.469
0.468
0.468
0.465
0.465
0.465
0.472
0.479
0.479
0.479
0.471
0.471
0.471
0.475
0.475
0.475
0.475
0.476
0.478
0.478
0.478
0.478
0.478
0.48
0.478
0.477
0.48
0.482
0.486
0.487
0.488
0.487
0.489
0.487
0.485
0.485
0.489
0.495
0.495
0.495
0.494
0.494
0.493
0.493
0.502
0.503
0.502
0.503
0.503
0.502
0.502
0.502
0.502
0.502
0.502
0.504
0.509
0.506
0.507
0.508
0.508
0.508
0.508
0.508
0.513
0.516
0.521
0.521
0.522
0.522
0.524
0.529
0.535
0.536
0.536
0.535
0.536
0.533
0.533
0.535
0.535
0.535
0.536
0.536
0.54
0.541
0.546
0.546
0.547
0.547
0.549
0.551
0.556
0.556
0.558
0.558
0.558
0.56
0.564
0.564
0.566
0.572
0.572
0.575
0.58
0.581
0.583
0.583
0.585
0.586
0.588
0.591
0.593
0.594
0.596
0.594
0.605
0.605
0.611
0.612
0.612
0.612
0.612
0.612
0.612
