0.321
0.323
0.323
0.321
0.317
0.313
0.313
0.312
0.309
0.312
0.309
0.309
0.308
0.308
0.307
0.307
0.307
0.307
0.307
0.306
0.306
0.307
0.307
0.302
0.298
0.296
0.296
0.296
0.296
0.295
0.294
0.293
0.289
0.289
0.286
0.286
0.286
0.288
0.288
0.288
0.284
0.281
0.281
0.278
0.277
0.278
0.275
0.275
0.278
0.278
0.276
0.278
0.276
0.276
0.276
0.276
0.267
0.27
0.27
0.277
0.277
0.277
0.277
0.261
0.261
0.259
0.261
0.261
0.263
0.266
0.266
0.266
0.258
0.256
0.256
0.256
0.258
0.258
0.267
0.267
0.263
0.263
0.263
0.252
0.252
0.256
0.251
0.256
0.257
0.257
0.257
0.257
0.254
0.253
0.253
0.253
0.254
0.253
0.253
0.257
0.25
0.25
0.251
0.252
0.251
0.252
0.251
0.247
0.245
0.244
0.244
0.243
0.244
0.249
0.249
0.249
0.249
0.245
0.24
0.239
0.239
0.238
0.237
0.237
0.238
0.24
0.246
0.246
0.241
0.248
0.241
0.24
0.24
0.239
0.239
0.239
0.244
0.244
0.245
0.245
0.245
0.245
0.241
0.24
0.24
0.24
0.24
0.24
0.24
0.24
0.235
0.235
0.233
0.233
0.233
0.233
0.233
0.233
0.233
0.234
0.234
0.234
0.234
0.234
0.228
0.225
0.225
0.228
0.228
0.23
0.231
0.231
0.231
0.231
0.229
0.229
0.231
0.229
0.229
0.227
0.227
0.227
0.227
0.227
0.231
0.231
0.23
0.231
0.232
0.232
0.232
0.234
0.234
0.232
0.227
0.226
0.226
0.226
0.231
0.232
0.232
0.232
0.232
0.232
0.228
0.228
0.232
0.229
0.225
0.224
0.225
0.225
0.225
0.228
0.228
0.231
0.235
0.233
0.232
0.232
0.232
0.232
0.229
0.229
0.233
0.233
0.233
0.233
0.233
0.233
0.241
0.242
0.244
0.244
0.244
0.244
0.239
0.234
0.239
0.237
0.237
0.236
0.236
0.236
0.236
0.236
0.238
0.239
0.241
0.241
0.243
0.243
0.243
0.243
0.242
0.242
0.244
0.244
0.241
0.241
0.241
0.241
0.244
0.244
0.244
0.244
0.244
0.245
0.248
0.248
0.249
0.249
0.249
0.249
0.249
0.25
0.256
0.256
0.256
0.256
0.251
0.251
0.251
0.251
0.255
0.256
0.256
0.256
0.257
0.258
0.257
0.254
0.257
0.257
0.256
0.257
0.258
0.258
0.259
0.259
0.259
0.259
0.262
0.264
0.264
0.262
0.264
0.264
0.262
0.265
0.267
0.268
0.272
0.272
0.272
0.272
0.268
0.268
0.274
0.274
0.277
0.277
0.277
0.277
0.279
0.279
0.279
0.28
0.281
0.281
0.285
0.281
0.281
0.285
0.285
0.29
0.29
0.29
0.291
0.29
0.29
0.291
0.291
0.291
0.292
0.293
0.3
0.303
0.303
0.303
0.303
0.305
0.313
0.318
0.318
0.321
0.323
0.323
0.323
0.323
0.323
0.324
0.32
0.32
0.325
0.32
0.319
0.319
0.319
0.316
0.314
0.305
0.305
0.304
0.303
0.303
0.303
0.303
0.304
0.304
0.304
0.302
0.299
0.299
0.299
0.297
0.296
0.294
0.294
0.294
0.293
0.29
0.287
0.28
0.28
0.282
0.28
0.282
0.282
0.277
0.275
0.277
0.277
0.277
0.275
0.275
0.275
0.273
0.273
0.269
0.269
0.267
0.267
0.267
0.267
0.267
0.265
0.265
0.265
0.265
0.265
0.263
0.261
0.261
0.263
0.263
0.263
0.263
0.262
0.261
0.256
0.257
0.257
0.256
0.256
0.256
0.252
0.252
0.254
0.254
0.253
0.253
0.253
0.251
0.248
0.248
0.245
0.244
0.244
0.244
0.245
0.244
0.246
0.246
0.245
0.243
0.243
0.243
0.24
0.24
0.24
0.24
0.236
0.235
0.234
0.234
0.234
0.237
0.239
0.239
0.239
0.237
0.234
0.234
0.234
0.234
0.232
0.232
0.232
0.232
0.232
0.232
0.233
0.234
0.233
0.229
0.229
0.229
0.229
0.231
0.231
0.232
0.232
0.229
0.229
0.232
0.228
0.228
0.228
0.223
0.223
0.223
0.227
0.227
0.229
0.227
0.226
0.225
0.225
0.225
0.226
0.224
0.224
0.222
0.222
0.222
0.222
0.222
0.22
0.224
0.219
0.219
0.22
0.224
0.226
0.226
0.226
0.226
0.222
0.222
0.222
0.222
0.222
0.225
0.225
0.225
0.222
0.225
0.222
0.219
0.218
0.218
0.218
0.23
0.23
0.23
0.227
0.227
0.227
0.23
0.23
0.23
0.231
0.231
0.225
0.225
0.23
0.225
0.225
0.225
0.222
0.221
0.221
0.22
0.219
0.219
0.22
0.222
0.222
0.222
0.221
0.221
0.221
0.223
0.223
0.223
0.223
0.223
0.224
0.224
0.224
0.226
0.227
0.227
0.227
0.227
0.226
0.226
0.226
0.226
0.226
0.226
0.226
0.228
0.226
0.226
0.224
0.227
0.227
0.228
0.231
0.231
0.231
0.227
0.223
0.223
0.223
0.23
0.23
0.232
0.232
0.232
0.233
0.238
0.238
0.239
0.238
0.236
0.235
0.235
0.235
0.235
0.235
0.235
0.235
0.238
0.238
0.24
0.24
0.244
0.244
0.245
0.244
0.245
0.244
0.247
0.247
0.247
0.247
0.25
0.25
0.25
0.247
0.251
0.251
0.251
0.254
0.254
0.25
0.25
0.253
0.253
0.253
0.259
0.257
0.257
0.253
0.254
0.254
0.254
0.254
0.254
0.258
0.258
0.258
0.258
0.258
0.263
0.263
0.263
0.263
0.26
0.26
0.262
0.269
0.268
0.268
0.268
0.269
0.269
0.274
0.274
0.274
0.27
0.27
0.27
0.273
0.273
0.277
0.276
0.279
0.276
0.278
0.278
0.278
0.275
0.278
0.283
0.283
0.284
0.289
0.292
0.296
0.296
0.298
0.299
0.3
0.3
0.302
0.302
0.302
0.3
0.302
0.3
0.3
0.298
0.302
0.303
0.303
0.303
0.305
0.307
0.31
0.312
0.316
0.316
0.316
0.317
0.32
0.32
0.32
0.32
0.32
0.327
0.329
0.334
0.336
0.337
0.337
0.337
0.336
0.338
0.338
0.339
0.343
0.344
0.345
0.348
0.352
0.356
0.358
0.365
0.365
0.365
0.364
0.364
0.364
0.368
0.37
0.379
0.382
0.382
0.383
0.383
0.382
0.382
0.385
0.401
0.392
0.399
0.406
0.406
0.409
0.414
0.417
0.421
0.423
0.426
0.433
0.433
0.434
0.434
0.434
0.436
0.448
0.45
0.451
0.451
0.464
0.465
0.471
0.474
0.475
0.475
0.479
0.482
0.486
0.486
0.496
0.499
0.508
0.513
0.514
0.515
0.523
0.539
0.543
0.544
0.552
0.567
0.567
0.567
0.56
0.56
0.559
0.559
0.557
0.553
0.552
0.55
0.55
0.55
0.544
0.544
0.544
0.544
0.547
0.547
0.548
0.547
0.541
0.541
0.542
0.541
0.541
0.54
0.539
0.539
0.537
0.537
0.537
0.537
0.535
0.527
0.532
0.527
0.527
0.532
0.532
0.535
0.536
0.535
0.53
0.534
0.531
0.531
0.533
0.534
0.533
0.533
0.525
0.525
0.525
0.525
0.525
0.525
0.525
0.525
0.527
0.526
0.527
0.527
0.526
0.526
0.52
0.52
0.52
0.519
0.519
0.519
0.519
0.519
0.517
0.517
0.517
0.517
0.524
0.524
0.524
0.525
0.525
0.523
0.523
0.523
0.523
0.526
0.528
0.528
0.528
0.526
0.524
0.523
0.52
0.516
0.516
0.513
0.511
0.513
0.513
0.513
0.513
0.518
0.52
0.52
0.515
0.515
0.515
0.515
0.516
0.516
0.518
0.521
0.518
0.517
0.517
0.517
0.517
0.517
0.517
0.523
0.524
0.524
0.524
0.523
0.523
0.523
0.523
0.523
0.524
0.521
0.521
0.525
0.526
0.526
0.526
0.525
0.525
0.524
0.525
0.525
0.531
0.532
0.532
0.532
0.532
0.532
0.531
0.531
0.532
0.533
0.533
0.535
0.535
0.535
0.535
0.536
0.541
0.537
0.537
0.54
0.541
0.54
0.54
0.539
0.539
0.539
0.546
0.546
0.546
0.546
0.546
0.548
0.548
0.545
0.545
0.542
0.541
0.541
0.542
0.543
0.547
0.549
0.55
0.551
0.55
0.55
0.55
0.55
0.55
0.563
0.563
0.563
0.562
0.559
0.559
0.559
0.559
0.566
0.568
0.568
0.577
0.577
0.577
0.578
0.573
0.573
0.578
0.578
0.578
0.58
0.578
0.578
0.59
0.591
0.59
0.59
0.585
0.585
0.585
0.591
0.592
0.593
0.596
0.596
0.6
0.6
0.601
0.603
0.608
0.614
0.616
0.616
0.616
0.616
0.616
0.621
0.623
0.623
0.623
0.623
0.623
0.63
0.634
0.635
0.636
0.638
0.638
0.642
0.653
0.656
0.656
0.656
0.656
0.655
0.655
0.658
0.664
0.666
0.671
0.673
0.675
0.685
0.686
0.686
0.688
0.69
0.689
0.69
0.691
0.69
