0.271
0.271
0.28
0.281
0.272
0.272
0.272
0.269
0.269
0.269
0.272
0.272
0.273
0.273
0.273
0.263
0.267
0.263
0.261
0.261
0.261
0.261
0.261
0.261
0.263
0.263
0.263
0.263
0.263
0.257
0.257
0.256
0.257
0.253
0.253
0.251
0.25
0.249
0.248
0.25
0.248
0.244
0.243
0.24
0.238
0.238
0.243
0.239
0.241
0.241
0.239
0.239
0.233
0.233
0.233
0.235
0.234
0.234
0.234
0.231
0.231
0.231
0.231
0.231
0.231
0.231
0.228
0.228
0.229
0.228
0.228
0.222
0.218
0.218
0.222
0.223
0.224
0.225
0.225
0.223
0.225
0.225
0.231
0.231
0.231
0.218
0.218
0.218
0.218
0.219
0.219
0.219
0.216
0.216
0.216
0.216
0.216
0.216
0.216
0.216
0.217
0.217
0.213
0.218
0.213
0.213
0.211
0.21
0.209
0.209
0.209
0.206
0.209
0.206
0.205
0.202
0.198
0.198
0.198
0.211
0.211
0.211
0.205
0.205
0.205
0.205
0.206
0.208
0.208
0.208
0.203
0.203
0.203
0.204
0.204
0.204
0.202
0.202
0.202
0.208
0.209
0.209
0.208
0.2
0.199
0.199
0.199
0.203
0.203
0.203
0.201
0.201
0.201
0.201
0.201
0.201
0.205
0.201
0.201
0.203
0.203
0.201
0.203
0.203
0.203
0.203
0.203
0.199
0.197
0.193
0.193
0.193
0.193
0.193
0.193
0.197
0.197
0.194
0.194
0.196
0.194
0.194
0.194
0.194
0.194
0.194
0.193
0.201
0.201
0.193
0.193
0.193
0.191
0.193
0.194
0.194
0.195
0.198
0.197
0.197
0.197
0.197
0.197
0.197
0.196
0.197
0.194
0.194
0.194
0.193
0.193
0.193
0.199
0.196
0.196
0.196
0.199
0.196
0.195
0.195
0.195
0.195
0.196
0.197
0.202
0.202
0.202
0.202
0.2
0.2
0.2
0.2
0.203
0.203
0.203
0.203
0.203
0.203
0.203
0.203
0.203
0.203
0.201
0.201
0.209
0.204
0.206
0.206
0.206
0.204
0.203
0.203
0.206
0.208
0.208
0.208
0.206
0.206
0.206
0.206
0.206
0.207
0.207
0.21
0.21
0.214
0.214
0.21
0.209
0.209
0.209
0.21
0.21
0.21
0.21
0.219
0.212
0.213
0.213
0.212
0.21
0.21
0.21
0.214
0.216
0.216
0.22
0.22
0.22
0.219
0.22
0.219
0.219
0.224
0.227
0.229
0.229
0.229
0.223
0.223
0.223
0.225
0.225
0.225
0.223
0.223
0.223
0.227
0.227
0.229
0.229
0.229
0.23
0.229
0.23
0.23
0.231
0.228
0.23
0.23
0.231
0.232
0.232
0.232
0.226
0.226
0.226
0.231
0.241
0.241
0.241
0.241
0.241
0.241
0.244
0.249
0.249
0.249
0.249
0.249
0.255
0.256
0.256
0.256
0.25
0.25
0.25
0.253
0.254
0.258
0.258
0.258
0.266
0.266
0.266
0.266
0.262
0.262
0.267
0.267
0.267
0.267
0.267
0.27
0.27
0.271
0.271
0.271
0.271
0.272
0.275
0.275
0.279
0.281
0.292
0.293
0.293
0.293
0.294
0.294
0.294
0.294
0.294
0.298
0.305
0.305
0.305
0.305
0.305
0.305
0.314
0.314
0.315
0.316
0.321
0.32
0.32
0.32
0.321
0.331
0.333
0.335
0.339
0.344
0.344
0.344
0.346
0.346
0.349
0.35
0.354
0.354
0.361
0.361
0.362
0.362
0.368
0.37
0.376
0.376
0.379
0.377
0.377
0.379
0.397
0.397
0.398
0.404
0.408
0.409
0.409
0.409
0.417
0.422
0.423
0.428
0.431
0.432
0.432
0.439
0.441
0.454
0.456
0.469
0.469
0.471
0.476
0.484
0.492
0.492
0.493
0.493
0.497
0.499
0.507
0.518
0.523
0.532
0.534
0.538
0.54
0.545
0.554
0.555
0.572
0.579
0.585
0.587
0.588
0.587
0.586
0.586
0.581
0.581
0.582
0.58
0.578
0.568
0.568
0.568
0.573
0.573
0.573
0.571
0.571
0.571
0.571
0.568
0.571
0.571
0.563
0.561
0.559
0.559
0.559
0.559
0.559
0.559
0.559
0.559
0.56
0.56
0.56
0.556
0.557
0.557
0.557
0.561
0.561
0.561
0.552
0.552
0.552
0.555
0.557
0.557
0.557
0.555
0.555
0.554
0.554
0.555
0.558
0.558
0.559
0.561
0.561
0.559
0.561
0.561
0.555
0.556
0.562
0.557
0.556
0.556
0.555
0.555
0.555
0.556
0.556
0.557
0.556
0.553
0.553
0.551
0.55
0.551
0.551
0.55
0.551
0.551
0.551
0.557
0.559
0.557
0.557
0.555
0.555
0.549
0.549
0.555
0.549
0.549
0.556
0.556
0.552
0.556
0.558
0.557
0.557
0.562
0.557
0.557
0.557
0.559
0.556
0.559
0.562
0.562
0.563
0.563
0.56
0.56
0.561
0.56
0.561
0.565
0.569
0.568
0.568
0.568
0.563
0.563
0.563
0.564
0.565
0.567
0.567
0.569
0.567
0.569
0.571
0.572
0.573
0.578
0.58
0.58
0.58
0.58
0.582
0.582
0.583
0.585
0.585
0.585
0.582
0.582
0.582
0.582
0.581
0.584
0.585
0.581
0.578
0.578
0.577
0.577
0.578
0.591
0.601
0.601
0.602
0.606
0.603
0.61
0.61
0.61
0.612
0.612
0.612
0.612
0.612
0.612
0.612
0.615
0.616
0.618
0.618
0.619
0.619
0.619
0.625
0.626
0.626
0.626
0.626
0.631
0.631
0.633
0.633
0.633
0.634
0.635
0.636
0.637
0.639
0.639
0.642
0.649
0.655
0.655
0.656
0.656
0.66
0.66
0.667
0.667
0.664
0.667
0.667
0.667
0.673
0.674
0.682
0.682
0.682
0.684
0.684
0.69
0.69
0.692
0.694
0.697
0.697
0.703
0.706
0.706
0.707
0.708
0.711
0.716
0.717
0.717
0.717
0.721
0.724
0.724
0.738
0.739
0.739
0.739
0.739
0.745
0.749
0.753
0.755
0.762
0.762
0.765
0.766
0.769
0.769
0.769
0.768
0.767
0.758
0.75
0.743
0.739
0.738
0.735
0.735
0.731
0.725
0.725
0.725
0.726
0.726
0.726
0.72
0.716
0.713
0.707
0.709
0.701
0.7
0.699
0.69
0.69
0.69
0.688
0.688
0.682
0.681
0.68
0.677
0.675
0.675
0.67
0.665
0.665
0.664
0.664
0.658
0.655
0.654
0.646
0.646
0.646
0.646
0.646
0.646
0.645
0.642
0.641
0.64
0.64
0.633
0.633
0.627
0.627
0.625
0.627
0.625
0.625
0.625
0.625
0.62
0.62
0.62
0.62
0.62
0.617
0.617
0.616
0.611
0.611
0.611
0.61
0.61
0.61
0.605
0.605
0.598
0.599
0.597
0.597
0.597
0.592
0.589
0.589
0.589
0.589
0.589
0.59
0.594
0.594
0.589
0.58
0.58
0.579
0.58
0.58
0.582
0.582
0.582
0.579
0.579
0.575
0.575
0.573
0.572
0.572
0.572
0.568
0.567
0.567
0.564
0.564
0.567
0.564
0.564
0.564
0.564
0.564
0.565
0.565
0.564
0.564
0.564
0.563
0.563
0.563
0.563
0.562
0.563
0.562
0.561
0.561
0.557
0.557
0.561
0.559
0.562
0.562
0.561
0.561
0.561
0.553
0.553
0.55
0.55
0.55
0.55
0.55
0.551
0.55
0.552
0.554
0.554
0.554
0.554
0.554
0.557
0.557
0.549
0.549
0.549
0.548
0.548
0.55
0.55
0.55
0.55
0.55
0.549
0.549
0.547
0.544
0.547
0.544
0.543
0.543
0.541
0.539
0.539
0.548
0.546
0.548
0.551
0.552
0.552
0.554
0.554
0.552
0.549
0.552
0.549
0.549
0.549
0.549
0.546
0.549
0.546
0.546
0.548
0.549
0.549
0.552
0.556
0.556
0.556
0.556
0.556
0.556
0.554
0.556
0.556
0.558
0.554
0.556
0.554
0.556
0.555
0.555
0.555
0.555
0.554
0.554
0.553
0.553
0.565
0.566
0.566
0.566
0.564
0.564
0.564
0.565
0.567
0.567
0.567
0.567
0.567
0.564
0.564
0.564
0.565
0.564
0.565
0.566
0.566
0.57
0.573
0.575
0.575
0.575
0.576
0.576
0.576
0.576
0.576
0.576
0.576
0.576
0.584
0.584
0.584
0.586
0.586
0.586
0.594
0.594
0.597
0.594
0.593
0.593
0.595
0.595
0.6
0.602
0.602
0.602
0.603
0.603
0.603
0.603
0.606
0.606
0.611
0.611
0.611
0.611
0.613
0.617
0.617
0.616
0.616
0.614
0.614
0.614
0.614
0.615
0.617
0.619
0.621
0.623
0.626
0.626
0.628
0.628
0.628
0.629
0.633
0.638
0.642
0.646
0.646
0.647
0.647
0.648
0.66
0.66
0.66
0.661
0.662
0.662
0.664
0.673
0.674
0.676
0.677
0.68
0.68
0.68
0.68
0.681
0.69
0.693
0.693
0.695
0.695
0.699
0.707
0.708
0.711
0.713
0.713
0.716
0.725
0.725
0.725
0.72
0.725
0.725
0.73
0.733
0.739
0.739
