 0.657
 0.665
 0.671
 0.672
 0.681
 0.681
 0.683
 0.684
 0.691
 0.692
 0.706
 0.706
 0.706
 0.706
 0.71
 0.716
 0.721
 0.725
 0.727
 0.731
 0.731
 0.733
 0.733
 0.733
 0.739
 0.745
 0.745
 0.756
 0.761
 0.761
 0.767
 0.767
 0.767
 0.762
 0.76
 0.752
 0.751
 0.749
 0.751
 0.749
 0.749
 0.749
 0.745
 0.741
 0.736
 0.74
 0.74
 0.736
 0.733
 0.733
 0.73
 0.728
 0.727
 0.725
 0.724
 0.725
 0.724
 0.723
 0.718
 0.718
 0.717
 0.712
 0.709
 0.709
 0.708
 0.708
 0.708
 0.707
 0.7
 0.7
 0.7
 0.7
 0.7
 0.7
 0.695
 0.691
 0.691
 0.685
 0.685
 0.685
 0.683
 0.682
 0.678
 0.678
 0.676
 0.672
 0.669
 0.672
 0.665
 0.665
 0.665
 0.672
 0.668
 0.67
 0.67
 0.668
 0.665
 0.657
 0.657
 0.661
 0.661
 0.661
 0.662
 0.661
 0.658
 0.649
 0.646
 0.646
 0.649
 0.65
 0.651
 0.651
 0.65
 0.649
 0.649
 0.649
 0.65
 0.65
 0.654
 0.654
 0.647
 0.646
 0.647
 0.646
 0.643
 0.64
 0.639
 0.637
 0.637
 0.637
 0.635
 0.635
 0.635
 0.635
 0.636
 0.637
 0.637
 0.64
 0.646
 0.646
 0.64
 0.64
 0.642
 0.636
 0.632
 0.632
 0.639
 0.632
 0.639
 0.639
 0.638
 0.63
 0.63
 0.63
 0.633
 0.633
 0.633
 0.633
 0.633
 0.63
 0.628
 0.626
 0.625
 0.625
 0.625
 0.63
 0.63
 0.63
 0.63
 0.625
 0.625
 0.625
 0.625
 0.626
 0.631
 0.631
 0.631
 0.631
 0.626
 0.625
 0.625
 0.625
 0.626
 0.626
 0.633
 0.633
 0.631
 0.633
 0.633
 0.635
 0.635
 0.635
 0.633
 0.633
 0.633
 0.63
 0.631
 0.631
 0.631
 0.631
 0.631
 0.631
 0.633
 0.63
 0.63
 0.635
 0.636
 0.635
 0.635
 0.639
 0.636
 0.636
 0.636
 0.636
 0.635
 0.635
 0.635
 0.635
 0.639
 0.639
 0.644
 0.644
 0.644
 0.643
 0.643
 0.643
 0.643
 0.643
 0.643
 0.643
 0.643
 0.653
 0.653
 0.653
 0.653
 0.648
 0.648
 0.647
 0.647
 0.647
 0.651
 0.651
 0.655
 0.656
 0.66
 0.66
 0.66
 0.656
 0.656
 0.656
 0.658
 0.658
 0.664
 0.664
 0.662
 0.661
 0.662
 0.661
 0.66
 0.66
 0.663
 0.668
 0.672
 0.675
 0.675
 0.678
 0.678
 0.678
 0.681
 0.683
 0.681
 0.681
 0.683
 0.683
 0.682
 0.687
 0.687
 0.687
 0.689
 0.693
 0.696
 0.696
 0.697
 0.696
 0.696
 0.704
 0.705
 0.709
 0.71
 0.71
 0.709
 0.71
 0.711
 0.71
 0.711
 0.713
 0.713
 0.725
 0.725
 0.725
 0.725
 0.725
 0.729
 0.732
 0.733
 0.733
 0.733
 0.738
 0.738
 0.738
 0.746
 0.746
 0.746
 0.747
 0.747
 0.751
 0.751
 0.751
 0.754
 0.754
 0.761
 0.767
 0.767
 0.768
 0.778
 0.778
 0.78
 0.784
 0.786
 0.787
 0.787
 0.787
 0.792
 0.796
 0.8
 0.8
 0.802
 0.803
 0.808
 0.809
 0.809
 0.814
 0.819
 0.826
 0.827
 0.83
 0.832
 0.833
 0.835
 0.837
 0.843
 0.844
 0.846
 0.848
 0.852
 0.864
 0.871
 0.872
 0.872
 0.872
 0.864
 0.832
 0.831
 0.827
 0.825
 0.818
 0.815
 0.815
 0.813
 0.806
 0.768
 0.67
 0.643
 0.627
 0.611
 0.609
 0.607
 0.606
 0.606
 0.605
 0.605
 0.602
 0.602
 0.598
 0.586
 0.579
 0.579
 0.573
 0.573
 0.573
 0.582
 0.577
 0.577
 0.577
 0.577
 0.577
 0.577
 0.577
 0.579
 0.579
 0.577
 0.568
 0.576
 0.574
 0.574
 0.574
 0.576
 0.58
 0.582
 0.582
 0.582
 0.586
 0.593
 0.608
 0.611
 0.615
 0.62
 0.622
 0.622
 0.622
 0.629
 0.663
 0.664
 0.667
 0.67
 0.68
 0.684
 0.691
 0.693
 0.71
 0.734
 0.79
 0.891
 0.891
 0.891
 0.833
 0.833
 0.828
 0.828
 0.832
 0.833
 0.832
 0.832
 0.829
 0.829
 0.829
 0.829
 0.835
 0.835
 0.836
 0.836
 0.835
 0.833
 0.792
 0.774
 0.765
 0.765
 0.765
 0.765
 0.765
 0.765
 0.764
 0.759
 0.755
 0.755
 0.752
 0.745
 0.743
 0.707
 0.508
 0.478
 0.476
 0.476
 0.476
 0.477
 0.478
 0.478
 0.478
 0.478
 0.478
 0.476
 0.474
 0.474
 0.474
 0.47
 0.464
 0.464
 0.466
 0.466
 0.469
 0.469
 0.47
 0.47
 0.467
 0.465
 0.467
 0.466
 0.465
 0.466
 0.467
 0.466
 0.464
 0.464
 0.454
 0.454
 0.454
 0.454
 0.456
 0.456
 0.454
 0.454
 0.454
 0.454
 0.455
 0.455
 0.462
 0.462
 0.462
 0.462
 0.457
 0.457
 0.457
 0.458
 0.458
 0.458
 0.461
 0.459
 0.46
 0.459
 0.459
 0.459
 0.458
 0.458
 0.458
 0.454
 0.454
 0.454
 0.454
 0.454
 0.451
 0.454
 0.454
 0.454
 0.455
 0.455
 0.467
 0.455
 0.462
 0.463
 0.463
 0.463
 0.464
 0.467
 0.467
 0.467
 0.466
 0.462
 0.458
 0.458
 0.458
 0.458
 0.458
 0.455
 0.454
 0.454
 0.454
 0.456
 0.456
 0.459
 0.459
 0.456
 0.456
 0.459
 0.46
 0.46
 0.461
 0.461
 0.462
 0.46
 0.46
 0.46
 0.462
 0.465
 0.468
 0.471
 0.471
 0.472
 0.472
 0.473
 0.473
 0.474
 0.475
 0.475
 0.475
 0.475
 0.473
 0.473
 0.473
 0.474
 0.474
 0.477
 0.477
 0.476
 0.473
 0.476
 0.476
 0.473
 0.476
 0.48
 0.482
 0.482
 0.482
 0.48
 0.48
 0.477
 0.477
 0.477
 0.477
 0.479
 0.494
 0.494
 0.486
 0.485
 0.486
 0.486
 0.486
 0.491
 0.498
 0.5
 0.501
 0.505
 0.505
 0.505
 0.505
 0.503
 0.503
 0.503
 0.502
 0.501
 0.502
 0.502
 0.505
 0.511
 0.511
 0.513
 0.513
 0.516
 0.516
 0.518
 0.518
 0.519
 0.522
 0.522
 0.522
 0.522
 0.522
 0.522
 0.523
 0.529
 0.53
 0.531
 0.533
 0.535
 0.537
 0.539
 0.543
 0.543
 0.545
 0.546
 0.546
 0.549
 0.551
 0.551
 0.551
 0.551
 0.551
 0.551
 0.553
 0.554
 0.556
 0.556
 0.556
 0.563
 0.566
 0.571
 0.571
 0.575
 0.578
 0.578
 0.575
 0.579
 0.579
 0.58
 0.581
 0.586
 0.587
 0.587
 0.593
 0.597
 0.6
 0.604
 0.605
 0.606
 0.606
 0.609
 0.612
 0.617
 0.618
 0.621
 0.622
 0.622
 0.624
 0.626
 0.628
 0.631
 0.638
 0.641
 0.642
 0.646
 0.651
 0.651
 0.651
 0.651
 0.652
 0.664
 0.668
 0.668
 0.668
 0.67
 0.678
 0.684
 0.689
 0.696
 0.699
 0.697
 0.699
 0.699
 0.701
 0.702
 0.714
 0.716
 0.719
 0.725
 0.725
 0.726
 0.731
 0.733
 0.733
 0.731
 0.742
 0.731
 0.731
 0.731
 0.731
 0.731
 0.731
 0.728
 0.725
 0.723
 0.72
 0.716
 0.721
 0.713
 0.712
 0.71
 0.708
 0.705
 0.703
 0.7
 0.7
 0.7
 0.699
 0.695
 0.692
 0.692
 0.692
 0.69
 0.685
 0.683
 0.671
 0.67
 0.668
 0.67
 0.67
 0.67
 0.673
 0.673
 0.672
 0.671
 0.671
 0.668
 0.668
 0.668
 0.667
 0.667
 0.66
 0.664
 0.664
 0.657
 0.656
 0.657
 0.656
 0.656
 0.652
 0.652
 0.648
 0.643
 0.643
 0.643
 0.642
 0.642
 0.641
 0.637
 0.638
 0.638
 0.638
 0.639
 0.639
 0.639
 0.635
 0.633
 0.626
 0.626
 0.626
 0.627
 0.627
 0.627
 0.625
 0.619
 0.619
 0.62
 0.614
 0.62
 0.628
 0.628
 0.62
 0.62
 0.617
 0.616
 0.616
 0.616
 0.616
 0.616
 0.616
 0.614
 0.613
 0.613
 0.613
 0.613
 0.613
 0.612
 0.612
 0.608
 0.609
 0.609
 0.609
 0.608
 0.609
 0.611
 0.612
 0.611
 0.611
 0.607
 0.604
 0.604
 0.607
 0.606
 0.607
 0.607
 0.606
 0.604
 0.599
 0.599
 0.599
 0.6
 0.6
 0.6
 0.605
 0.605
 0.599
 0.601
 0.605
 0.601
 0.601
 0.604
 0.604
 0.599
 0.595
 0.594
 0.594
 0.591
 0.589
 0.589
 0.595
 0.594
 0.599
 0.607
 0.609
 0.662
 1.036
 1.22
 1.801
 1.809
 1.821
 1.823
 1.826
 1.83
 1.835
 1.835
 1.835
 1.835
 1.835
 1.835
 1.835
 1.839
 1.839
 1.834
 1.833
 1.834
 1.833
 1.833
 1.838
 1.839
 1.842
 1.845
 1.845
 1.847
 1.847
 1.847
 1.848
 1.848
 1.848
 1.85
 1.852
 1.855
 1.855
 1.855
 1.859
 1.861
 1.861
 1.861
 1.862
 1.862
 1.862
 1.866
 1.866
 1.868
 1.87
 1.876
 1.876
 1.877
 1.877
 1.883
 1.892
 1.892
 1.892
 1.886
 1.855
 1.827
 1.795
 1.761
 1.73
 1.706
 1.673
 1.658
 1.628
 1.601
 1.567
 1.551
 1.54
 1.503
 1.501
 1.475
 1.452
 1.435
 1.416
 1.399
 1.385
 1.365
 1.349
 1.331
 1.316
 1.301
 1.286
 1.271
 1.27
 1.265
 1.235
 1.213
 1.205
 1.187
 1.186
 1.17
 1.16
 1.158
 1.147
 1.126
 1.117
 1.108
 1.101
 1.087
 1.069
 1.066
 1.049
 1.043
 1.027
 1.025
 1.018
 1.013
 1.001
 0.998
 0.994
 0.988
 0.978
 0.963
 0.959
 0.946
 0.936
 0.936
 0.936
 0.933
 0.919
 0.917
 0.9
 0.897
 0.891
 0.889
 0.884
 0.879
 0.86
 0.859
 0.853
 0.851
 0.842
 0.842
 0.837
 0.83
 0.829
 0.816
 0.814
 0.811
 0.804
 0.804
 0.804
 0.786
 0.784
 0.779
 0.767
 0.764
 0.759
 0.759
 0.758
 0.755
 0.752
 0.744
 0.734
 0.731
 0.731
 0.722
 0.718
 0.717
 0.717
 0.709
 0.709
 0.708
 0.699
 0.694
 0.694
 0.693
 0.689
 0.689
 0.678
 0.678
 0.678
 0.675
 0.672
 0.668
 0.668
 0.662
 0.66
