0.614
0.616
0.616
0.616
0.616
0.616
0.618
0.628
0.629
0.63
0.635
0.639
0.65
0.65
0.651
0.651
0.659
0.662
0.663
0.663
0.662
0.663
0.67
0.68
0.683
0.687
0.687
0.687
0.689
0.694
0.706
0.713
0.714
0.715
0.716
0.716
0.718
0.726
0.733
0.733
0.737
0.733
0.736
0.731
0.729
0.729
0.727
0.719
0.719
0.719
0.717
0.717
0.714
0.711
0.71
0.708
0.704
0.704
0.704
0.701
0.7
0.697
0.696
0.695
0.693
0.687
0.686
0.686
0.68
0.677
0.677
0.676
0.675
0.675
0.669
0.669
0.669
0.665
0.663
0.662
0.662
0.662
0.662
0.656
0.652
0.652
0.652
0.65
0.652
0.651
0.651
0.648
0.648
0.648
0.648
0.648
0.648
0.648
0.644
0.644
0.642
0.642
0.642
0.639
0.634
0.632
0.63
0.63
0.63
0.63
0.63
0.628
0.624
0.623
0.623
0.622
0.614
0.614
0.614
0.614
0.615
0.616
0.619
0.619
0.616
0.615
0.615
0.613
0.61
0.609
0.609
0.609
0.609
0.609
0.609
0.603
0.603
0.602
0.603
0.604
0.606
0.606
0.606
0.606
0.607
0.607
0.607
0.605
0.603
0.599
0.599
0.599
0.599
0.598
0.598
0.598
0.599
0.599
0.599
0.601
0.598
0.598
0.598
0.596
0.594
0.594
0.594
0.599
0.599
0.599
0.6
0.6
0.6
0.6
0.6
0.6
0.6
0.599
0.604
0.604
0.594
0.592
0.592
0.591
0.59
0.59
0.59
0.592
0.595
0.598
0.603
0.631
0.686
0.932
1.149
1.792
1.818
1.818
1.818
1.82
1.82
1.826
1.829
1.834
1.834
1.834
1.834
1.834
1.841
1.841
1.842
1.842
1.838
1.834
1.834
1.834
1.834
1.836
1.838
1.838
1.838
1.842
1.844
1.847
1.847
1.847
1.848
1.849
1.857
1.857
1.858
1.857
1.857
1.857
1.857
1.857
1.862
1.864
1.865
1.864
1.864
1.865
1.871
1.878
1.88
1.88
1.881
1.885
1.885
1.879
1.86
1.84
1.821
1.774
1.741
1.708
1.685
1.669
1.647
1.621
1.596
1.575
1.553
1.527
1.516
1.493
1.468
1.449
1.435
1.411
1.386
1.379
1.353
1.338
1.318
1.314
1.288
1.28
1.272
1.248
1.242
1.226
1.222
1.197
1.196
1.185
1.167
1.146
1.138
1.126
1.126
1.117
1.097
1.091
1.085
1.066
1.066
1.065
1.05
1.038
1.037
1.03
1.008
1.002
0.996
0.982
0.981
0.974
0.962
0.958
0.954
0.947
0.933
0.932
0.923
0.917
0.915
0.903
0.9
0.889
0.885
0.877
0.862
0.861
0.854
0.852
0.842
0.838
0.83
0.828
0.828
0.82
0.816
0.804
0.803
0.798
0.796
0.787
0.786
0.784
0.777
0.77
0.761
0.758
0.755
0.75
0.75
0.75
0.746
0.746
0.73
0.727
0.719
0.717
0.714
0.71
0.71
0.71
0.709
0.694
0.694
0.685
0.685
0.685
0.68
0.677
0.675
0.673
0.664
0.664
0.668
0.664
0.659
0.659
0.654
0.652
0.646
0.638
0.638
0.641
0.638
0.637
0.637
0.637
0.632
0.629
0.627
0.627
0.627
0.621
0.621
0.615
0.615
0.613
0.613
0.611
0.609
0.606
0.601
0.595
0.595
0.592
0.592
0.589
0.589
0.584
0.58
0.574
0.573
0.573
0.573
0.573
0.566
0.566
0.568
0.566
0.566
0.566
0.559
0.557
0.554
0.554
0.553
0.546
0.551
0.546
0.545
0.543
0.543
0.543
0.542
0.542
0.542
0.542
0.541
0.542
0.542
0.541
0.536
0.531
0.531
0.53
0.53
0.529
0.529
0.526
0.521
0.517
0.517
0.511
0.511
0.511
0.511
0.511
0.506
0.506
0.506
0.506
0.511
0.511
0.506
0.51
0.51
0.509
0.51
0.51
0.509
0.508
0.506
0.498
0.498
0.497
0.498
0.5
0.5
0.49
0.49
0.487
0.487
0.487
0.486
0.487
0.486
0.486
0.483
0.486
0.482
0.486
0.487
0.487
0.487
0.489
0.489
0.489
0.489
0.487
0.483
0.485
0.485
0.485
0.485
0.485
0.481
0.48
0.476
0.476
0.476
0.476
0.476
0.476
0.475
0.474
0.473
0.474
0.469
0.469
0.471
0.475
0.475
0.475
0.471
0.477
0.467
0.466
0.467
0.467
0.467
0.466
0.462
0.462
0.465
0.465
0.465
0.469
0.469
0.469
0.469
0.469
0.467
0.466
0.465
0.465
0.466
0.467
0.467
0.467
0.469
0.464
0.464
0.464
0.466
0.464
0.466
0.471
0.471
0.468
0.472
0.468
0.468
0.47
0.47
0.469
0.469
0.468
0.468
0.466
0.465
0.465
0.464
0.464
0.46
0.464
0.465
0.465
0.465
0.465
0.465
0.467
0.469
0.47
0.47
0.47
0.468
0.468
0.468
0.468
0.468
0.472
0.472
0.471
0.474
0.474
0.471
0.468
0.468
0.468
0.477
0.479
0.481
0.481
0.481
0.481
0.481
0.482
0.482
0.483
0.483
0.49
0.49
0.49
0.488
0.487
0.487
0.487
0.487
0.488
0.488
0.486
0.488
0.486
0.486
0.486
0.486
0.486
0.497
0.497
0.499
0.5
0.501
0.502
0.505
0.505
0.505
0.506
0.51
0.506
0.51
0.512
0.51
0.512
0.517
0.517
0.517
0.519
0.517
0.518
0.516
0.516
0.516
0.517
0.517
0.517
0.524
0.524
0.524
0.523
0.525
0.525
0.528
0.53
0.53
0.53
0.531
0.533
0.534
0.537
0.537
0.536
0.537
0.536
0.536
0.538
0.538
0.538
0.538
0.539
0.539
0.542
0.552
0.553
0.554
0.562
0.562
0.562
0.561
0.56
0.56
0.561
0.566
0.571
0.572
0.572
0.572
0.578
0.581
0.583
0.586
0.586
0.586
0.588
0.588
0.593
0.593
0.596
0.596
0.597
0.598
0.603
0.605
0.605
0.613
0.617
0.617
0.617
0.616
0.616
0.615
0.615
0.62
0.623
0.626
0.627
0.633
0.635
0.645
0.649
0.649
0.652
0.655
0.659
0.66
0.665
0.668
0.672
0.675
0.681
0.685
0.69
0.69
0.692
0.692
0.692
0.699
0.702
0.706
0.709
0.716
0.721
0.721
0.723
0.723
0.728
0.73
0.735
0.737
0.737
0.742
0.749
0.754
0.756
0.759
0.767
0.767
0.769
0.767
0.766
0.766
0.763
0.762
0.761
0.761
0.761
0.76
0.756
0.756
0.754
0.747
0.747
0.747
0.747
0.744
0.744
0.738
0.736
0.735
0.73
0.73
0.726
0.723
0.723
0.723
0.723
0.715
0.713
0.713
0.708
0.708
0.708
0.713
0.711
0.711
0.711
0.706
0.702
0.693
0.692
0.691
0.69
0.686
0.682
0.681
0.681
0.68
0.68
0.676
0.676
0.676
0.676
0.676
0.674
0.671
0.673
0.671
0.671
0.672
0.673
0.672
0.672
0.669
0.669
0.663
0.663
0.663
0.661
0.66
0.66
0.658
0.66
0.661
0.661
0.658
0.657
0.649
0.649
0.649
0.649
0.649
0.65
0.65
0.65
0.65
0.651
0.652
0.651
0.651
0.649
0.647
0.647
0.647
0.646
0.646
0.644
0.637
0.637
0.639
0.639
0.639
0.64
0.64
0.64
0.64
0.64
0.64
0.64
0.643
0.643
0.64
0.64
0.636
0.636
0.636
0.636
0.636
0.632
0.632
0.632
0.633
0.636
0.636
0.636
0.632
0.628
0.628
0.628
0.629
0.629
0.629
0.629
0.629
0.632
0.628
0.631
0.631
0.622
0.621
0.62
0.62
0.614
0.614
0.618
0.618
0.618
0.621
0.621
0.621
0.621
0.623
0.63
0.631
0.63
0.63
0.631
0.634
0.628
0.628
0.634
0.635
0.635
0.635
0.635
0.635
0.638
0.636
0.629
0.635
0.636
0.635
0.63
0.633
0.633
0.633
0.633
0.636
0.636
0.63
0.63
0.636
0.636
0.639
0.639
0.639
0.639
0.639
0.643
0.643
0.644
0.644
0.642
0.642
0.647
0.647
0.649
0.649
0.649
0.647
0.647
0.647
0.649
0.65
0.65
0.65
0.65
0.657
0.653
0.653
0.656
0.656
0.653
0.652
0.652
0.652
0.652
0.654
0.658
0.658
0.658
0.661
0.665
0.667
0.667
0.667
0.667
0.667
0.67
0.675
0.676
0.677
0.678
0.678
0.678
0.678
0.679
0.679
0.681
0.681
0.681
0.684
0.687
0.687
0.689
0.689
0.69
0.691
0.694
0.691
0.697
0.691
0.697
0.702
0.71
0.708
0.712
0.712
0.711
0.708
0.711
0.711
0.716
0.716
0.72
0.722
0.724
0.725
0.728
0.728
0.728
0.736
0.74
0.738
0.738
0.738
0.738
0.737
0.737
0.74
0.744
0.747
0.753
0.753
0.755
0.758
0.761
0.764
0.764
0.764
0.764
0.768
0.768
0.774
0.778
0.779
0.781
0.782
0.79
0.789
0.79
0.791
0.793
0.797
0.797
0.8
0.801
0.803
0.818
0.819
0.821
0.821
0.825
0.828
0.828
