0.602
0.605
0.609
0.609
0.605
0.604
0.601
0.597
0.601
0.597
0.597
0.603
0.603
0.603
0.603
0.601
0.599
0.599
0.6
0.6
0.598
0.598
0.597
0.593
0.592
0.592
0.591
0.591
0.591
0.592
0.592
0.597
0.597
0.597
0.597
0.597
0.599
0.597
0.597
0.597
0.599
0.599
0.599
0.597
0.595
0.594
0.592
0.592
0.594
0.592
0.591
0.591
0.589
0.589
0.589
0.586
0.589
0.589
0.595
0.596
0.602
0.649
0.885
1.126
1.8
1.818
1.822
1.822
1.822
1.822
1.822
1.827
1.829
1.829
1.829
1.827
1.829
1.829
1.832
1.834
1.834
1.834
1.836
1.836
1.836
1.836
1.836
1.832
1.832
1.839
1.842
1.843
1.847
1.847
1.85
1.851
1.852
1.852
1.859
1.859
1.859
1.856
1.859
1.856
1.856
1.858
1.86
1.865
1.866
1.874
1.876
1.879
1.879
1.876
1.879
1.879
1.879
1.88
1.88
1.879
1.852
1.817
1.793
1.763
1.728
1.7
1.681
1.649
1.634
1.605
1.581
1.56
1.536
1.504
1.494
1.477
1.454
1.438
1.416
1.392
1.377
1.37
1.347
1.338
1.322
1.305
1.292
1.27
1.252
1.244
1.227
1.22
1.201
1.195
1.178
1.164
1.158
1.146
1.142
1.122
1.11
1.103
1.102
1.09
1.086
1.077
1.069
1.041
1.034
1.03
1.029
1.022
1.019
1.012
0.994
0.978
0.975
0.973
0.961
0.943
0.942
0.942
0.942
0.922
0.909
0.904
0.902
0.894
0.893
0.89
0.878
0.875
0.86
0.848
0.844
0.841
0.839
0.836
0.833
0.833
0.825
0.821
0.82
0.808
0.804
0.8
0.797
0.796
0.794
0.787
0.783
0.766
0.766
0.763
0.761
0.759
0.756
0.755
0.745
0.743
0.728
0.727
0.723
0.721
0.716
0.713
0.713
0.711
0.706
0.701
0.693
0.688
0.685
0.685
0.682
0.678
0.678
0.671
0.67
0.669
0.666
0.665
0.665
0.664
0.664
0.656
0.664
0.656
0.652
0.643
0.643
0.643
0.643
0.643
0.634
0.627
0.624
0.624
0.624
0.624
0.618
0.615
0.607
0.602
0.602
0.601
0.601
0.596
0.596
0.592
0.592
0.592
0.592
0.59
0.583
0.586
0.586
0.586
0.581
0.58
0.579
0.579
0.572
0.57
0.574
0.569
0.567
0.567
0.566
0.562
0.557
0.557
0.557
0.557
0.557
0.557
0.555
0.555
0.549
0.546
0.544
0.541
0.541
0.539
0.538
0.538
0.538
0.537
0.535
0.537
0.536
0.529
0.529
0.528
0.525
0.525
0.525
0.525
0.523
0.518
0.518
0.518
0.518
0.522
0.522
0.515
0.515
0.515
0.515
0.517
0.517
0.517
0.505
0.503
0.503
0.503
0.51
0.51
0.51
0.506
0.502
0.5
0.498
0.5
0.498
0.497
0.496
0.496
0.496
0.494
0.492
0.492
0.489
0.489
0.489
0.489
0.486
0.491
0.489
0.489
0.489
0.495
0.49
0.493
0.492
0.492
0.49
0.489
0.489
0.489
0.498
0.498
0.498
0.487
0.486
0.484
0.482
0.481
0.482
0.481
0.481
0.479
0.479
0.474
0.476
0.476
0.478
0.476
0.475
0.475
0.474
0.473
0.473
0.472
0.471
0.472
0.47
0.47
0.469
0.467
0.467
0.471
0.467
0.469
0.469
0.469
0.469
0.469
0.469
0.469
0.469
0.464
0.464
0.472
0.473
0.473
0.473
0.473
0.473
0.477
0.477
0.478
0.478
0.481
0.481
0.481
0.478
0.478
0.478
0.48
0.48
0.48
0.48
0.48
0.479
0.469
0.466
0.466
0.466
0.466
0.465
0.465
0.465
0.464
0.465
0.472
0.472
0.472
0.472
0.475
0.475
0.477
0.475
0.477
0.473
0.481
0.478
0.478
0.478
0.478
0.474
0.474
0.473
0.473
0.473
0.473
0.473
0.478
0.48
0.48
0.48
0.479
0.48
0.479
0.475
0.475
0.482
0.482
0.484
0.484
0.489
0.489
0.484
0.483
0.481
0.481
0.481
0.481
0.484
0.488
0.49
0.49
0.49
0.493
0.493
0.493
0.5
0.5
0.5
0.496
0.496
0.496
0.5
0.5
0.5
0.497
0.492
0.492
0.497
0.508
0.508
0.508
0.508
0.512
0.512
0.513
0.513
0.513
0.511
0.516
0.514
0.514
0.513
0.513
0.51
0.508
0.506
0.508
0.508
0.516
0.52
0.52
0.522
0.522
0.522
0.522
0.522
0.522
0.522
0.524
0.529
0.531
0.533
0.537
0.537
0.533
0.533
0.533
0.533
0.538
0.543
0.544
0.549
0.549
0.552
0.549
0.552
0.553
0.557
0.563
0.564
0.564
0.569
0.571
0.571
0.571
0.573
0.577
0.58
0.585
0.585
0.587
0.589
0.587
0.587
0.587
0.594
0.591
0.594
0.599
0.601
0.608
0.608
0.614
0.614
0.609
0.609
0.614
0.614
0.621
0.622
0.624
0.635
0.626
0.635
0.636
0.639
0.648
0.648
0.649
0.658
0.661
0.666
0.667
0.668
0.669
0.676
0.681
0.682
0.683
0.689
0.691
0.697
0.702
0.702
0.704
0.709
0.714
0.718
0.721
0.722
0.733
0.733
0.733
0.734
0.734
0.737
0.747
0.747
0.752
0.752
0.752
0.768
0.768
0.768
0.767
0.767
0.766
0.765
0.76
0.76
0.751
0.75
0.75
0.75
0.75
0.744
0.743
0.743
0.743
0.737
0.737
0.734
0.732
0.73
0.73
0.73
0.726
0.724
0.722
0.722
0.72
0.72
0.72
0.716
0.715
0.715
0.704
0.702
0.702
0.702
0.702
0.703
0.703
0.696
0.696
0.698
0.696
0.696
0.695
0.695
0.692
0.684
0.683
0.683
0.683
0.683
0.681
0.677
0.677
0.677
0.677
0.675
0.673
0.669
0.669
0.671
0.669
0.67
0.671
0.67
0.666
0.666
0.665
0.665
0.665
0.665
0.659
0.657
0.657
0.653
0.653
0.652
0.651
0.646
0.643
0.643
0.643
0.646
0.647
0.647
0.647
0.647
0.647
0.647
0.647
0.647
0.647
0.649
0.65
0.65
0.65
0.645
0.642
0.642
0.642
0.642
0.642
0.638
0.638
0.638
0.634
0.638
0.635
0.633
0.634
0.634
0.634
0.634
0.634
0.634
0.634
0.633
0.63
0.628
0.628
0.63
0.634
0.635
0.635
0.635
0.637
0.635
0.633
0.633
0.63
0.628
0.627
0.627
0.627
0.627
0.627
0.627
0.628
0.627
0.627
0.628
0.629
0.629
0.629
0.627
0.623
0.623
0.623
0.627
0.626
0.627
0.631
0.631
0.629
0.629
0.625
0.625
0.629
0.632
0.632
0.633
0.633
0.631
0.628
0.631
0.631
0.631
0.632
0.632
0.632
0.63
0.632
0.632
0.634
0.634
0.64
0.64
0.64
0.639
0.639
0.639
0.642
0.646
0.646
0.642
0.642
0.64
0.64
0.646
0.646
0.645
0.645
0.645
0.645
0.649
0.649
0.649
0.649
0.649
0.649
0.652
0.654
0.654
0.658
0.654
0.654
0.655
0.655
0.655
0.657
0.657
0.657
0.657
0.66
0.66
0.664
0.664
0.664
0.664
0.664
0.667
0.669
0.669
0.672
0.669
0.673
0.673
0.673
0.673
0.679
0.677
0.679
0.68
0.68
0.681
0.683
0.683
0.683
0.685
0.685
0.687
0.69
0.691
0.694
0.691
0.694
0.698
0.698
0.698
0.698
0.698
0.698
0.703
0.705
0.706
0.706
0.706
0.708
0.709
0.718
0.718
0.718
0.725
0.727
0.727
0.727
0.726
0.726
0.726
0.729
0.73
0.733
0.734
0.734
0.738
0.742
0.745
0.749
0.751
0.75
0.75
0.752
0.753
0.757
0.761
0.761
0.767
0.767
0.767
0.772
0.772
0.774
0.778
0.783
0.784
0.784
0.791
0.793
0.794
0.794
0.797
0.802
0.802
0.816
0.817
0.819
0.817
0.821
0.821
0.821
0.828
0.831
0.831
0.835
0.84
0.848
0.849
0.852
0.852
0.853
0.858
0.858
0.86
0.862
0.864
0.869
0.876
0.885
0.887
0.894
0.896
0.902
0.908
0.91
0.915
0.915
0.916
0.918
0.925
0.933
0.939
0.939
0.944
0.952
0.952
0.955
0.963
0.968
0.97
0.975
0.986
0.99
0.992
0.994
1.002
1.015
1.019
1.02
1.024
1.026
1.031
1.038
1.05
1.062
1.066
1.066
1.079
1.08
1.09
1.09
1.103
1.112
1.116
1.123
1.128
1.143
1.15
1.152
1.159
1.164
1.177
1.189
1.198
1.199
1.22
1.224
1.226
1.235
1.247
1.259
1.267
1.283
1.287
1.299
1.302
1.316
1.325
1.344
1.356
1.369
1.374
1.387
1.395
1.409
1.436
1.454
1.46
1.48
1.495
1.508
1.508
1.527
1.548
1.56
1.584
1.59
1.608
1.623
1.644
1.659
1.67
1.698
1.721
1.743
1.755
1.785
1.801
1.814
1.851
1.883
1.883
1.883
0.656
0.604
0.481
0.481
0.479
0.479
0.479
0.475
0.474
0.473
0.473
0.473
