1.88
1.881
1.881
1.881
1.862
1.829
1.792
1.774
1.737
1.708
1.67
1.643
1.626
1.609
1.587
1.559
1.545
1.523
1.505
1.484
1.459
1.445
1.421
1.404
1.38
1.364
1.348
1.326
1.315
1.305
1.291
1.279
1.267
1.244
1.224
1.205
1.205
1.189
1.183
1.166
1.153
1.151
1.138
1.135
1.127
1.109
1.105
1.085
1.069
1.067
1.049
1.035
1.031
1.022
1.017
1.007
0.999
0.996
0.988
0.979
0.978
0.97
0.961
0.958
0.949
0.944
0.928
0.926
0.926
0.913
0.901
0.899
0.898
0.895
0.873
0.873
0.865
0.861
0.842
0.841
0.838
0.834
0.824
0.823
0.815
0.814
0.807
0.805
0.802
0.799
0.798
0.787
0.787
0.782
0.78
0.767
0.764
0.763
0.761
0.759
0.749
0.741
0.735
0.73
0.724
0.724
0.724
0.723
0.72
0.716
0.714
0.71
0.698
0.697
0.694
0.694
0.69
0.689
0.685
0.675
0.673
0.673
0.673
0.671
0.668
0.666
0.665
0.65
0.65
0.65
0.648
0.648
0.648
0.635
0.633
0.633
0.633
0.633
0.628
0.617
0.617
0.617
0.612
0.611
0.612
0.608
0.606
0.603
0.603
0.601
0.6
0.595
0.591
0.59
0.583
0.583
0.583
0.584
0.584
0.584
0.584
0.583
0.574
0.569
0.569
0.57
0.569
0.569
0.568
0.568
0.566
0.564
0.562
0.561
0.559
0.559
0.553
0.553
0.554
0.554
0.552
0.552
0.544
0.544
0.547
0.544
0.544
0.544
0.543
0.541
0.534
0.533
0.53
0.525
0.525
0.525
0.525
0.525
0.525
0.523
0.523
0.519
0.518
0.518
0.518
0.52
0.52
0.52
0.514
0.514
0.51
0.51
0.511
0.513
0.513
0.513
0.513
0.511
0.51
0.51
0.51
0.507
0.507
0.504
0.504
0.504
0.497
0.497
0.496
0.494
0.491
0.483
0.483
0.479
0.483
0.483
0.478
0.475
0.478
0.478
0.484
0.486
0.486
0.484
0.484
0.484
0.483
0.482
0.483
0.485
0.485
0.485
0.489
0.489
0.489
0.489
0.49
0.49
0.485
0.485
0.484
0.484
0.484
0.481
0.481
0.481
0.479
0.477
0.479
0.477
0.476
0.477
0.484
0.483
0.483
0.483
0.477
0.477
0.476
0.476
0.474
0.469
0.469
0.469
0.476
0.476
0.476
0.475
0.466
0.466
0.466
0.469
0.465
0.465
0.466
0.466
0.466
0.466
0.471
0.471
0.469
0.466
0.469
0.467
0.469
0.477
0.478
0.478
0.478
0.477
0.474
0.474
0.474
0.478
0.478
0.478
0.475
0.475
0.475
0.475
0.473
0.473
0.469
0.468
0.468
0.468
0.467
0.471
0.471
0.471
0.471
0.471
0.466
0.466
0.466
0.466
0.466
0.469
0.473
0.471
0.474
0.474
0.474
0.471
0.474
0.475
0.475
0.475
0.485
0.48
0.482
0.482
0.48
0.48
0.481
0.479
0.481
0.481
0.481
0.483
0.486
0.486
0.486
0.489
0.489
0.489
0.486
0.486
0.486
0.484
0.485
0.485
0.485
0.485
0.486
0.488
0.496
0.497
0.497
0.502
0.503
0.505
0.505
0.505
0.502
0.502
0.505
0.505
0.505
0.498
0.498
0.498
0.499
0.506
0.51
0.512
0.512
0.512
0.512
0.517
0.517
0.517
0.517
0.517
0.513
0.513
0.513
0.516
0.516
0.516
0.516
0.518
0.518
0.523
0.527
0.533
0.534
0.534
0.534
0.534
0.536
0.536
0.536
0.533
0.532
0.532
0.531
0.532
0.534
0.535
0.537
0.538
0.538
0.548
0.548
0.551
0.551
0.552
0.552
0.558
0.561
0.561
0.564
0.564
0.564
0.564
0.564
0.564
0.568
0.579
0.581
0.581
0.581
0.581
0.584
0.584
0.585
0.586
0.586
0.592
0.594
0.601
0.601
0.601
0.601
0.602
0.602
0.603
0.607
0.611
0.612
0.613
0.618
0.618
0.623
0.623
0.627
0.634
0.635
0.635
0.638
0.643
0.643
0.646
0.649
0.649
0.652
0.652
0.658
0.658
0.664
0.667
0.676
0.686
0.687
0.687
0.69
0.692
0.694
0.694
0.695
0.698
0.699
0.709
0.712
0.715
0.715
0.722
0.724
0.725
0.725
0.728
0.728
0.732
0.74
0.749
0.749
0.753
0.753
0.753
0.75
0.746
0.746
0.742
0.741
0.741
0.741
0.741
0.734
0.737
0.737
0.737
0.737
0.737
0.728
0.726
0.714
0.713
0.713
0.711
0.713
0.711
0.713
0.711
0.705
0.705
0.704
0.704
0.706
0.706
0.701
0.701
0.698
0.693
0.692
0.689
0.69
0.689
0.689
0.688
0.69
0.688
0.688
0.687
0.678
0.677
0.67
0.67
0.666
0.663
0.663
0.663
0.663
0.663
0.663
0.657
0.657
0.657
0.657
0.657
0.66
0.66
0.66
0.661
0.669
0.669
0.661
0.658
0.652
0.652
0.651
0.652
0.652
0.652
0.653
0.653
0.653
0.652
0.652
0.646
0.646
0.645
0.646
0.647
0.647
0.647
0.647
0.648
0.645
0.645
0.644
0.643
0.637
0.637
0.637
0.637
0.637
0.637
0.636
0.636
0.636
0.63
0.63
0.63
0.631
0.628
0.631
0.628
0.628
0.628
0.634
0.626
0.625
0.627
0.623
0.623
0.627
0.627
0.629
0.63
0.629
0.629
0.628
0.628
0.628
0.628
0.628
0.63
0.628
0.63
0.63
0.63
0.627
0.627
0.627
0.626
0.62
0.623
0.623
0.623
0.623
0.624
0.624
0.618
0.618
0.622
0.617
0.622
0.622
0.622
0.619
0.622
0.622
0.622
0.622
0.626
0.626
0.631
0.623
0.624
0.623
0.624
0.624
0.627
0.627
0.627
0.627
0.627
0.631
0.632
0.632
0.632
0.633
0.632
0.633
0.633
0.633
0.63
0.629
0.629
0.629
0.629
0.634
0.637
0.637
0.637
0.637
0.644
0.649
0.651
0.651
0.651
0.651
0.648
0.641
0.641
0.648
0.648
0.645
0.652
0.645
0.645
0.648
0.652
0.649
0.652
0.649
0.653
0.653
0.653
0.651
0.657
0.657
0.657
0.657
0.657
0.657
0.662
0.662
0.662
0.662
0.662
0.671
0.671
0.671
0.671
0.666
0.666
0.67
0.672
0.672
0.678
0.686
0.686
0.686
0.686
0.684
0.682
0.679
0.678
0.678
0.678
0.69
0.69
0.694
0.696
0.696
0.696
0.697
0.7
0.7
0.7
0.705
0.705
0.707
0.707
0.707
0.707
0.707
0.709
0.709
0.709
0.722
0.723
0.723
0.723
0.728
0.73
0.73
0.73
0.736
0.742
0.746
0.747
0.75
0.75
0.752
0.752
0.752
0.754
0.757
0.759
0.766
0.766
0.766
0.767
0.768
0.766
0.768
0.768
0.771
0.771
0.775
0.78
0.782
0.788
0.795
0.796
0.797
0.798
0.802
0.805
0.805
0.807
0.809
0.813
0.819
0.822
0.822
0.826
0.83
0.832
0.836
0.84
0.842
0.848
0.851
0.851
0.854
0.86
0.864
0.869
0.874
0.876
0.88
0.885
0.887
0.891
0.892
0.897
0.9
0.904
0.915
0.917
0.917
0.92
0.92
0.927
0.934
0.937
0.942
0.95
0.955
0.956
0.959
0.971
0.971
0.974
0.977
0.98
0.987
0.998
1.001
1.001
1.008
1.015
1.02
1.029
1.033
1.041
1.046
1.054
1.059
1.059
1.062
1.066
1.074
1.092
1.095
1.101
1.114
1.121
1.129
1.131
1.143
1.144
1.152
1.165
1.171
1.173
1.183
1.189
1.19
1.21
1.221
1.234
1.235
1.24
1.257
1.268
1.275
1.289
1.295
1.301
1.315
1.319
1.333
1.346
1.369
1.377
1.389
1.394
1.405
1.421
1.426
1.444
1.459
1.468
1.489
1.501
1.518
1.536
1.549
1.555
1.58
1.587
1.601
1.628
1.644
1.664
1.681
1.703
1.713
1.722
1.746
1.772
1.785
1.812
1.822
1.863
1.894
1.896
1.896
1.896
0.466
0.466
0.466
0.478
0.481
0.486
0.481
0.479
0.479
0.479
0.474
0.474
0.471
0.469
0.469
0.467
0.467
0.467
0.467
0.467
0.468
0.468
0.468
0.468
0.466
0.466
0.466
0.464
0.464
0.464
0.464
0.464
0.464
0.462
0.464
0.462
0.462
0.462
0.47
0.466
0.466
0.466
0.466
0.459
0.459
0.458
0.458
0.456
0.456
0.458
0.46
0.462
0.466
0.466
0.47
0.47
0.47
0.468
0.463
0.463
0.463
0.463
0.461
0.461
0.464
0.465
0.465
0.465
0.466
0.466
0.465
0.466
0.466
0.466
0.467
0.467
0.467
0.467
0.467
0.467
0.467
0.467
0.463
0.469
0.466
0.462
0.462
0.463
0.463
0.463
0.464
0.464
0.466
0.464
0.459
0.459
0.459
0.459
0.46
0.46
0.465
0.465
0.458
0.458
0.458
0.458
0.459
0.459
0.456
0.454
0.454
0.454
0.455
0.462
0.463
0.462
0.462
0.464
0.467
0.464
0.467
0.467
0.467
0.469
0.471
0.469
