1.839
1.866
1.891
1.891
1.891
0.633
0.618
0.483
0.47
0.466
0.469
0.47
0.47
0.469
0.472
0.478
0.478
0.471
0.471
0.471
0.471
0.471
0.471
0.472
0.468
0.468
0.468
0.468
0.468
0.468
0.467
0.465
0.462
0.46
0.456
0.457
0.457
0.46
0.462
0.462
0.462
0.462
0.46
0.46
0.458
0.458
0.458
0.454
0.453
0.454
0.455
0.453
0.455
0.456
0.46
0.46
0.46
0.46
0.464
0.462
0.462
0.462
0.461
0.461
0.461
0.46
0.462
0.462
0.462
0.462
0.462
0.461
0.457
0.461
0.457
0.457
0.464
0.464
0.46
0.46
0.458
0.456
0.456
0.456
0.458
0.459
0.459
0.459
0.459
0.459
0.461
0.465
0.464
0.464
0.464
0.464
0.462
0.462
0.462
0.462
0.462
0.462
0.463
0.467
0.471
0.471
0.471
0.471
0.465
0.465
0.463
0.463
0.463
0.468
0.468
0.468
0.468
0.465
0.465
0.465
0.464
0.461
0.461
0.461
0.465
0.468
0.468
0.468
0.468
0.468
0.467
0.467
0.471
0.475
0.475
0.475
0.472
0.472
0.472
0.475
0.479
0.481
0.481
0.481
0.479
0.479
0.479
0.481
0.481
0.481
0.483
0.488
0.488
0.488
0.489
0.489
0.488
0.49
0.488
0.487
0.487
0.487
0.487
0.487
0.487
0.488
0.494
0.496
0.496
0.498
0.499
0.499
0.499
0.505
0.499
0.501
0.501
0.501
0.499
0.501
0.501
0.503
0.51
0.515
0.518
0.518
0.519
0.519
0.513
0.513
0.515
0.515
0.523
0.529
0.531
0.532
0.534
0.532
0.532
0.532
0.532
0.532
0.53
0.532
0.532
0.532
0.54
0.545
0.546
0.546
0.546
0.546
0.548
0.552
0.555
0.555
0.561
0.561
0.561
0.563
0.565
0.565
0.57
0.57
0.57
0.57
0.575
0.575
0.576
0.576
0.578
0.581
0.581
0.587
0.59
0.591
0.591
0.603
0.607
0.607
0.611
0.611
0.612
0.609
0.609
0.609
0.612
0.613
0.615
0.621
0.628
0.636
0.636
0.638
0.641
0.642
0.642
0.645
0.646
0.646
0.646
0.649
0.654
0.656
0.659
0.662
0.663
0.669
0.675
0.68
0.68
0.683
0.687
0.689
0.699
0.702
0.707
0.707
0.713
0.717
0.72
0.721
0.724
0.727
0.743
0.743
0.743
0.739
0.739
0.734
0.731
0.731
0.731
0.731
0.727
0.724
0.722
0.717
0.717
0.711
0.711
0.707
0.703
0.7
0.7
0.7
0.7
0.7
0.696
0.694
0.693
0.693
0.689
0.686
0.685
0.685
0.685
0.673
0.673
0.673
0.673
0.673
0.673
0.675
0.671
0.668
0.668
0.668
0.668
0.67
0.67
0.67
0.666
0.66
0.659
0.659
0.655
0.655
0.655
0.655
0.655
0.654
0.654
0.652
0.652
0.651
0.651
0.646
0.646
0.647
0.644
0.644
0.644
0.639
0.639
0.637
0.636
0.636
0.634
0.632
0.629
0.626
0.626
0.622
0.622
0.622
0.618
0.618
0.616
0.618
0.619
0.619
0.619
0.619
0.619
0.618
0.618
0.618
0.619
0.618
0.619
0.618
0.618
0.612
0.621
0.621
0.621
0.62
0.606
0.606
0.614
0.614
0.612
0.612
0.612
0.611
0.611
0.607
0.607
0.603
0.603
0.607
0.607
0.607
0.607
0.607
0.604
0.604
0.604
0.603
0.602
0.603
0.603
0.602
0.602
0.604
0.603
0.601
0.603
0.603
0.601
0.595
0.595
0.595
0.595
0.595
0.597
0.597
0.595
0.595
0.595
0.593
0.593
0.593
0.594
0.595
0.602
0.662
0.862
1.069
1.394
1.803
1.829
1.83
1.832
1.834
1.834
1.834
1.832
1.832
1.832
1.834
1.835
1.839
1.839
1.841
1.839
1.839
1.845
1.845
1.844
1.844
1.842
1.842
1.843
1.843
1.846
1.847
1.85
1.85
1.85
1.854
1.855
1.857
1.857
1.854
1.857
1.857
1.857
1.857
1.857
1.859
1.862
1.866
1.87
1.869
1.869
1.871
1.872
1.88
1.881
1.881
1.881
1.881
1.881
1.864
1.861
1.83
1.798
1.763
1.734
1.715
1.684
1.661
1.643
1.614
1.577
1.572
1.547
1.522
1.51
1.493
1.465
1.443
1.429
1.414
1.378
1.374
1.341
1.328
1.314
1.308
1.283
1.267
1.253
1.243
1.226
1.222
1.207
1.187
1.17
1.165
1.143
1.14
1.131
1.13
1.121
1.104
1.099
1.074
1.064
1.057
1.034
1.026
1.023
1.013
1.008
0.997
0.978
0.977
0.977
0.962
0.958
0.957
0.951
0.945
0.925
0.91
0.909
0.908
0.899
0.894
0.883
0.877
0.868
0.868
0.865
0.861
0.851
0.842
0.838
0.832
0.818
0.818
0.812
0.806
0.803
0.8
0.791
0.787
0.782
0.777
0.773
0.773
0.77
0.762
0.76
0.76
0.749
0.747
0.746
0.743
0.741
0.739
0.734
0.733
0.729
0.727
0.723
0.718
0.717
0.711
0.71
0.696
0.694
0.687
0.684
0.683
0.68
0.679
0.68
0.679
0.673
0.667
0.666
0.663
0.663
0.663
0.659
0.655
0.653
0.653
0.651
0.649
0.638
0.638
0.638
0.638
0.638
0.619
0.619
0.619
0.619
0.618
0.618
0.617
0.614
0.612
0.606
0.605
0.605
0.601
0.596
0.591
0.589
0.589
0.591
0.589
0.589
0.58
0.58
0.58
0.579
0.579
0.574
0.571
0.571
0.571
0.571
0.568
0.568
0.568
0.568
0.567
0.562
0.558
0.558
0.554
0.552
0.552
0.549
0.548
0.547
0.545
0.544
0.544
0.539
0.537
0.539
0.538
0.537
0.538
0.538
0.537
0.534
0.534
0.532
0.532
0.534
0.532
0.525
0.524
0.521
0.521
0.52
0.52
0.517
0.515
0.515
0.515
0.512
0.512
0.512
0.512
0.515
0.515
0.516
0.516
0.513
0.51
0.51
0.51
0.514
0.514
0.514
0.502
0.502
0.502
0.501
0.501
0.502
0.501
0.499
0.499
0.499
0.499
0.498
0.498
0.499
0.495
0.497
0.499
0.497
0.495
0.488
0.488
0.488
0.488
0.49
0.49
0.49
0.49
0.496
0.497
0.497
0.496
0.493
0.492
0.485
0.485
0.485
0.485
0.483
0.483
0.483
0.485
0.486
0.486
0.486
0.482
0.478
0.478
0.48
0.48
0.478
0.479
0.475
0.475
0.477
0.477
0.476
0.477
0.476
0.471
0.471
0.47
0.47
0.47
0.474
0.474
0.474
0.473
0.472
0.469
0.469
0.469
0.469
0.469
0.473
0.476
0.476
0.478
0.478
0.474
0.474
0.474
0.474
0.474
0.48
0.477
0.477
0.475
0.475
0.475
0.475
0.475
0.476
0.476
0.465
0.465
0.468
0.468
0.469
0.469
0.469
0.471
0.471
0.471
0.469
0.468
0.468
0.467
0.468
0.468
0.471
0.468
0.471
0.473
0.478
0.478
0.479
0.479
0.479
0.479
0.479
0.481
0.484
0.481
0.478
0.479
0.479
0.479
0.479
0.486
0.487
0.487
0.479
0.484
0.484
0.484
0.486
0.487
0.487
0.487
0.491
0.491
0.491
0.491
0.49
0.488
0.488
0.488
0.488
0.491
0.495
0.502
0.502
0.502
0.502
0.498
0.498
0.502
0.503
0.505
0.505
0.503
0.503
0.502
0.502
0.502
0.505
0.505
0.506
0.507
0.507
0.507
0.51
0.51
0.51
0.514
0.51
0.51
0.51
0.51
0.51
0.512
0.52
0.52
0.52
0.512
0.512
0.512
0.52
0.521
0.521
0.521
0.518
0.518
0.518
0.525
0.528
0.529
0.534
0.534
0.534
0.534
0.534
0.534
0.536
0.536
0.541
0.548
0.549
0.549
0.549
0.549
0.552
0.553
0.553
0.561
0.564
0.564
0.564
0.565
0.567
0.57
0.572
0.573
0.573
0.578
0.579
0.584
0.586
0.587
0.588
0.592
0.596
0.596
0.594
0.596
0.597
0.597
0.597
0.6
0.603
0.609
0.609
0.612
0.617
0.617
0.619
0.619
0.621
0.631
0.631
0.631
0.633
0.633
0.637
0.639
0.643
0.65
0.655
0.658
0.66
0.662
0.666
0.671
0.676
0.676
0.683
0.683
0.685
0.687
0.692
0.694
0.7
0.701
0.705
0.705
0.708
0.72
0.721
0.731
0.731
0.732
0.731
0.731
0.731
0.733
0.733
0.738
0.74
0.746
0.747
0.754
0.764
0.766
0.766
0.766
0.764
0.756
0.756
0.757
0.757
0.756
0.746
0.746
0.746
0.746
0.746
0.749
0.748
0.746
0.745
0.745
0.739
0.732
0.731
0.73
0.73
0.726
0.723
0.719
0.718
0.718
0.718
0.718
0.711
0.711
0.711
0.707
0.706
0.706
0.706
0.703
0.698
0.698
0.694
0.694
0.694
0.693
0.691
0.691
0.689
0.687
0.687
0.678
0.678
0.676
0.674
0.674
0.673
0.673
0.665
0.665
0.665
0.665
0.665
0.665
0.664
0.662
0.662
0.66
0.66
0.657
0.657
0.656
0.656
0.647
