0.462
0.462
0.465
0.469
0.469
0.469
0.472
0.469
0.466
0.466
0.466
0.464
0.466
0.466
0.469
0.469
0.47
0.471
0.473
0.473
0.476
0.476
0.476
0.476
0.474
0.474
0.475
0.475
0.475
0.475
0.475
0.481
0.475
0.481
0.481
0.486
0.486
0.486
0.489
0.489
0.486
0.486
0.488
0.488
0.494
0.498
0.5
0.504
0.5
0.5
0.505
0.502
0.5
0.502
0.502
0.502
0.512
0.512
0.51
0.51
0.507
0.507
0.508
0.508
0.512
0.512
0.519
0.518
0.518
0.52
0.52
0.52
0.522
0.527
0.527
0.528
0.532
0.532
0.532
0.532
0.532
0.532
0.532
0.542
0.542
0.542
0.542
0.552
0.552
0.552
0.556
0.559
0.559
0.556
0.557
0.557
0.557
0.559
0.565
0.567
0.567
0.567
0.568
0.569
0.571
0.574
0.574
0.574
0.574
0.574
0.58
0.588
0.588
0.59
0.596
0.601
0.603
0.604
0.604
0.604
0.607
0.611
0.615
0.616
0.619
0.619
0.62
0.627
0.63
0.636
0.636
0.638
0.64
0.64
0.64
0.643
0.649
0.649
0.65
0.651
0.656
0.662
0.663
0.67
0.672
0.672
0.681
0.684
0.685
0.687
0.691
0.697
0.698
0.701
0.702
0.702
0.718
0.718
0.719
0.719
0.729
0.73
0.733
0.733
0.73
0.729
0.724
0.723
0.723
0.723
0.722
0.719
0.718
0.718
0.717
0.717
0.715
0.713
0.712
0.705
0.702
0.702
0.695
0.693
0.693
0.695
0.695
0.693
0.682
0.682
0.682
0.682
0.682
0.682
0.673
0.671
0.671
0.669
0.671
0.671
0.667
0.665
0.665
0.663
0.663
0.663
0.662
0.662
0.659
0.655
0.654
0.644
0.644
0.644
0.647
0.651
0.651
0.651
0.644
0.644
0.644
0.644
0.644
0.645
0.645
0.644
0.64
0.64
0.638
0.638
0.637
0.634
0.63
0.629
0.629
0.628
0.621
0.621
0.623
0.621
0.621
0.613
0.613
0.613
0.614
0.614
0.614
0.614
0.614
0.617
0.622
0.623
0.623
0.622
0.617
0.617
0.617
0.617
0.617
0.612
0.611
0.611
0.611
0.611
0.613
0.613
0.613
0.606
0.606
0.605
0.605
0.605
0.605
0.605
0.605
0.602
0.605
0.603
0.605
0.603
0.605
0.603
0.605
0.605
0.605
0.604
0.605
0.604
0.604
0.604
0.604
0.595
0.601
0.599
0.599
0.601
0.602
0.602
0.602
0.601
0.595
0.592
0.594
0.594
0.592
0.59
0.59
0.59
0.591
0.593
0.595
0.6
0.601
0.608
0.648
0.799
1.045
1.389
1.815
1.818
1.819
1.822
1.826
1.826
1.832
1.832
1.832
1.829
1.829
1.829
1.829
1.832
1.832
1.832
1.832
1.832
1.832
1.834
1.834
1.834
1.834
1.834
1.836
1.837
1.839
1.845
1.845
1.848
1.851
1.852
1.853
1.854
1.853
1.854
1.854
1.854
1.855
1.859
1.859
1.862
1.866
1.867
1.871
1.871
1.874
1.875
1.875
1.884
1.884
1.879
1.885
1.879
1.878
1.855
1.829
1.794
1.756
1.734
1.697
1.673
1.648
1.638
1.613
1.593
1.562
1.539
1.515
1.495
1.48
1.456
1.441
1.42
1.393
1.391
1.358
1.352
1.347
1.321
1.305
1.285
1.277
1.26
1.25
1.237
1.23
1.205
1.194
1.182
1.18
1.165
1.147
1.14
1.125
1.124
1.117
1.092
1.077
1.071
1.061
1.053
1.049
1.048
1.023
1.023
1.012
0.99
0.99
0.982
0.971
0.957
0.956
0.951
0.95
0.941
0.94
0.921
0.916
0.91
0.909
0.902
0.891
0.889
0.887
0.876
0.865
0.865
0.86
0.86
0.844
0.844
0.837
0.833
0.826
0.819
0.816
0.807
0.802
0.799
0.795
0.791
0.779
0.779
0.778
0.776
0.769
0.761
0.756
0.753
0.746
0.741
0.739
0.738
0.736
0.732
0.729
0.721
0.72
0.708
0.698
0.696
0.696
0.696
0.68
0.68
0.676
0.68
0.678
0.673
0.673
0.659
0.659
0.659
0.659
0.659
0.655
0.652
0.646
0.642
0.639
0.639
0.636
0.631
0.623
0.622
0.622
0.622
0.621
0.616
0.616
0.613
0.607
0.611
0.613
0.611
0.607
0.608
0.607
0.602
0.6
0.598
0.596
0.593
0.593
0.579
0.578
0.578
0.576
0.575
0.574
0.574
0.571
0.57
0.569
0.568
0.568
0.565
0.565
0.563
0.563
0.558
0.558
0.555
0.551
0.549
0.549
0.549
0.54
0.537
0.534
0.534
0.536
0.534
0.534
0.534
0.534
0.532
0.532
0.534
0.535
0.536
0.539
0.536
0.536
0.536
0.53
0.528
0.524
0.52
0.52
0.52
0.511
0.511
0.517
0.517
0.517
0.517
0.506
0.506
0.509
0.509
0.51
0.51
0.516
0.516
0.504
0.504
0.505
0.505
0.505
0.505
0.504
0.504
0.504
0.504
0.504
0.498
0.498
0.493
0.493
0.493
0.493
0.493
0.492
0.489
0.487
0.487
0.489
0.488
0.488
0.488
0.484
0.484
0.484
0.496
0.496
0.496
0.496
0.493
0.485
0.485
0.485
0.488
0.488
0.488
0.481
0.481
0.481
0.483
0.483
0.483
0.484
0.483
0.482
0.482
0.482
0.482
0.482
0.484
0.485
0.484
0.484
0.479
0.473
0.471
0.471
0.471
0.472
0.472
0.476
0.475
0.475
0.474
0.474
0.473
0.473
0.474
0.475
0.475
0.475
0.475
0.475
0.467
0.467
0.467
0.476
0.476
0.478
0.478
0.476
0.472
0.475
0.475
0.472
0.475
0.475
0.474
0.473
0.473
0.473
0.473
0.471
0.47
0.47
0.47
0.47
0.47
0.476
0.478
0.48
0.48
0.48
0.47
0.47
0.47
0.47
0.471
0.471
0.472
0.478
0.478
0.477
0.477
0.477
0.472
0.472
0.475
0.476
0.475
0.476
0.482
0.477
0.482
0.482
0.482
0.48
0.481
0.48
0.481
0.48
0.48
0.48
0.486
0.482
0.482
0.482
0.482
0.482
0.481
0.483
0.49
0.491
0.49
0.491
0.49
0.491
0.487
0.487
0.487
0.483
0.483
0.489
0.492
0.494
0.494
0.492
0.492
0.494
0.494
0.499
0.502
0.502
0.506
0.503
0.503
0.509
0.513
0.513
0.513
0.507
0.507
0.507
0.513
0.516
0.516
0.516
0.516
0.515
0.513
0.513
0.515
0.517
0.517
0.517
0.519
0.519
0.518
0.522
0.518
0.518
0.524
0.525
0.524
0.524
0.527
0.527
0.527
0.527
0.53
0.531
0.531
0.541
0.545
0.545
0.545
0.546
0.545
0.546
0.546
0.545
0.545
0.549
0.549
0.554
0.554
0.554
0.552
0.551
0.551
0.552
0.556
0.557
0.559
0.563
0.563
0.563
0.563
0.57
0.581
0.581
0.581
0.581
0.584
0.586
0.594
0.594
0.594
0.594
0.598
0.594
0.594
0.6
0.607
0.611
0.615
0.618
0.616
0.621
0.621
0.619
0.618
0.619
0.619
0.623
0.631
0.633
0.637
0.638
0.643
0.649
0.649
0.654
0.654
0.661
0.662
0.666
0.675
0.676
0.676
0.678
0.681
0.682
0.686
0.686
0.696
0.699
0.701
0.704
0.708
0.714
0.715
0.715
0.721
0.724
0.729
0.731
0.739
0.739
0.739
0.74
0.748
0.75
0.754
0.761
0.771
0.777
0.777
0.781
0.777
0.77
0.764
0.761
0.761
0.757
0.755
0.755
0.751
0.749
0.743
0.743
0.743
0.743
0.744
0.744
0.743
0.735
0.735
0.735
0.734
0.733
0.733
0.731
0.73
0.73
0.728
0.724
0.724
0.722
0.714
0.713
0.705
0.703
0.703
0.703
0.703
0.703
0.703
0.705
0.705
0.705
0.697
0.695
0.692
0.695
0.691
0.691
0.691
0.691
0.685
0.682
0.682
0.682
0.68
0.68
0.68
0.68
0.676
0.672
0.672
0.672
0.675
0.672
0.67
0.669
0.666
0.666
0.666
0.669
0.664
0.664
0.663
0.658
0.658
0.657
0.657
0.656
0.657
0.657
0.657
0.657
0.657
0.657
0.657
0.653
0.652
0.652
0.651
0.651
0.651
0.651
0.649
0.649
0.649
0.646
0.644
0.646
0.644
0.643
0.643
0.643
0.643
0.642
0.64
0.642
0.64
0.639
0.638
0.638
0.637
0.634
0.632
0.63
0.63
0.63
0.63
0.63
0.632
0.632
0.632
0.632
0.635
0.635
0.632
0.632
0.631
0.631
0.632
0.631
0.631
0.632
0.631
0.631
0.632
0.632
0.63
0.638
0.63
0.626
0.628
0.626
0.626
0.627
0.628
0.627
0.628
0.627
0.627
0.627
0.628
0.627
0.625
0.625
0.624
0.624
0.624
0.624
0.627
0.633
0.633
0.627
0.626
0.626
0.626
0.628
0.628
0.63
0.63
0.63
0.628
0.63
0.631
0.631
0.63
0.631
0.63
0.629
0.627
0.629
0.629
0.63
0.631
0.631
0.633
0.633
0.635
0.637
0.64
0.637
0.637
0.637
0.636
