0.823
0.836
0.84
0.84
0.84
0.842
0.846
0.855
0.859
0.865
0.867
0.87
0.876
0.877
0.885
0.886
0.891
0.896
0.898
0.902
0.902
0.903
0.912
0.913
0.918
0.923
0.924
0.933
0.935
0.945
0.952
0.956
0.961
0.967
0.974
0.976
0.985
0.985
0.993
0.994
1.004
1.007
1.018
1.018
1.025
1.033
1.039
1.041
1.043
1.044
1.057
1.067
1.074
1.079
1.08
1.089
1.1
1.106
1.109
1.113
1.125
1.143
1.148
1.149
1.159
1.163
1.18
1.181
1.196
1.203
1.211
1.213
1.235
1.24
1.244
1.256
1.276
1.277
1.278
1.293
1.308
1.32
1.331
1.348
1.352
1.355
1.376
1.386
1.406
1.424
1.432
1.444
1.46
1.472
1.49
1.503
1.509
1.528
1.537
1.565
1.576
1.591
1.599
1.615
1.65
1.655
1.672
1.686
1.716
1.74
1.751
1.774
1.798
1.824
1.84
1.874
1.874
1.874
0.672
0.607
0.5
0.487
0.48
0.48
0.48
0.48
0.477
0.474
0.473
0.473
0.471
0.468
0.468
0.468
0.468
0.466
0.466
0.466
0.463
0.463
0.466
0.471
0.471
0.471
0.468
0.465
0.465
0.465
0.465
0.465
0.461
0.461
0.458
0.461
0.461
0.464
0.464
0.464
0.46
0.458
0.458
0.46
0.463
0.463
0.463
0.463
0.463
0.461
0.461
0.463
0.463
0.463
0.463
0.46
0.454
0.454
0.46
0.461
0.461
0.461
0.464
0.464
0.459
0.464
0.468
0.468
0.466
0.466
0.462
0.459
0.459
0.459
0.459
0.459
0.459
0.46
0.46
0.46
0.46
0.461
0.461
0.465
0.465
0.465
0.465
0.465
0.463
0.463
0.463
0.46
0.46
0.463
0.46
0.46
0.464
0.465
0.469
0.469
0.469
0.468
0.466
0.466
0.466
0.466
0.466
0.466
0.466
0.465
0.465
0.465
0.464
0.464
0.464
0.468
0.468
0.469
0.469
0.469
0.471
0.472
0.478
0.478
0.478
0.477
0.476
0.474
0.474
0.473
0.471
0.471
0.471
0.473
0.475
0.476
0.476
0.476
0.475
0.472
0.472
0.472
0.472
0.478
0.479
0.478
0.479
0.48
0.48
0.486
0.486
0.482
0.482
0.482
0.482
0.488
0.488
0.49
0.491
0.492
0.492
0.492
0.49
0.485
0.485
0.485
0.494
0.5
0.501
0.502
0.503
0.503
0.503
0.505
0.506
0.507
0.51
0.506
0.513
0.514
0.515
0.516
0.518
0.521
0.521
0.521
0.521
0.522
0.522
0.528
0.528
0.529
0.529
0.525
0.525
0.528
0.528
0.54
0.54
0.541
0.542
0.542
0.543
0.545
0.553
0.553
0.556
0.556
0.557
0.554
0.556
0.556
0.561
0.556
0.559
0.562
0.566
0.569
0.569
0.569
0.569
0.569
0.572
0.583
0.583
0.584
0.585
0.585
0.588
0.59
0.596
0.596
0.596
0.594
0.594
0.594
0.605
0.61
0.61
0.61
0.617
0.607
0.607
0.621
0.622
0.624
0.629
0.629
0.629
0.631
0.641
0.645
0.645
0.645
0.645
0.657
0.659
0.661
0.661
0.666
0.666
0.669
0.669
0.673
0.678
0.687
0.681
0.685
0.688
0.694
0.701
0.703
0.711
0.715
0.715
0.716
0.724
0.732
0.734
0.734
0.737
0.737
0.737
0.735
0.735
0.733
0.728
0.728
0.728
0.728
0.728
0.716
0.711
0.71
0.71
0.708
0.708
0.708
0.705
0.698
0.696
0.696
0.696
0.696
0.696
0.694
0.686
0.686
0.686
0.689
0.689
0.689
0.685
0.679
0.675
0.672
0.672
0.67
0.672
0.672
0.67
0.67
0.663
0.663
0.663
0.657
0.653
0.658
0.658
0.657
0.658
0.658
0.657
0.652
0.644
0.644
0.644
0.643
0.642
0.642
0.639
0.639
0.639
0.638
0.638
0.636
0.636
0.635
0.635
0.63
0.63
0.63
0.634
0.634
0.634
0.629
0.626
0.617
0.617
0.614
0.61
0.607
0.607
0.608
0.61
0.614
0.614
0.616
0.616
0.608
0.608
0.61
0.608
0.61
0.61
0.612
0.607
0.607
0.601
0.601
0.601
0.605
0.605
0.606
0.605
0.599
0.597
0.597
0.594
0.597
0.597
0.594
0.592
0.589
0.589
0.592
0.589
0.594
0.594
0.594
0.591
0.591
0.59
0.59
0.587
0.587
0.588
0.587
0.587
0.588
0.589
0.592
0.592
0.592
0.587
0.587
0.587
0.589
0.589
0.589
0.586
0.583
0.583
0.582
0.582
0.581
0.573
0.573
0.573
0.583
0.588
0.593
0.608
0.726
0.955
1.134
1.768
1.82
1.832
1.832
1.832
1.834
1.83
1.83
1.834
1.834
1.834
1.839
1.834
1.834
1.834
1.836
1.836
1.837
1.837
1.839
1.839
1.84
1.842
1.842
1.845
1.847
1.846
1.847
1.85
1.854
1.854
1.854
1.854
1.862
1.855
1.859
1.862
1.862
1.864
1.864
1.864
1.864
1.868
1.868
1.874
1.876
1.878
1.878
1.88
1.882
1.883
1.883
1.885
1.885
1.885
1.883
1.841
1.81
1.782
1.751
1.718
1.694
1.658
1.641
1.61
1.601
1.579
1.554
1.525
1.509
1.486
1.472
1.461
1.439
1.415
1.395
1.374
1.352
1.345
1.331
1.317
1.301
1.281
1.263
1.253
1.233
1.227
1.206
1.2
1.188
1.175
1.161
1.16
1.154
1.136
1.13
1.111
1.101
1.096
1.073
1.066
1.048
1.044
1.036
1.035
1.03
1.001
0.991
0.989
0.986
0.984
0.977
0.972
0.96
0.957
0.946
0.941
0.939
0.933
0.924
0.916
0.914
0.898
0.898
0.897
0.889
0.879
0.868
0.858
0.854
0.849
0.849
0.838
0.833
0.83
0.819
0.813
0.811
0.804
0.8
0.8
0.798
0.784
0.784
0.783
0.783
0.777
0.774
0.767
0.767
0.764
0.758
0.745
0.737
0.737
0.737
0.737
0.733
0.727
0.72
0.711
0.709
0.708
0.705
0.699
0.697
0.687
0.686
0.685
0.684
0.679
0.676
0.669
0.669
0.665
0.665
0.665
0.665
0.665
0.656
0.654
0.654
0.654
0.652
0.648
0.645
0.638
0.632
0.632
0.629
0.629
0.632
0.629
0.627
0.627
0.625
0.614
0.61
0.608
0.608
0.605
0.604
0.604
0.599
0.592
0.592
0.592
0.592
0.594
0.594
0.586
0.586
0.586
0.585
0.58
0.577
0.571
0.571
0.57
0.571
0.572
0.572
0.57
0.559
0.551
0.551
0.555
0.555
0.555
0.555
0.555
0.548
0.544
0.544
0.544
0.541
0.541
0.538
0.538
0.539
0.54
0.539
0.539
0.54
0.538
0.538
0.538
0.535
0.53
0.529
0.528
0.527
0.519
0.514
0.514
0.514
0.517
0.517
0.517
0.517
0.517
0.517
0.516
0.517
0.518
0.517
0.515
0.514
0.513
0.513
0.512
0.512
0.512
0.508
0.503
0.503
0.503
0.51
0.51
0.51
0.503
0.503
0.503
0.506
0.506
0.506
0.499
0.498
0.496
0.496
0.496
0.496
0.496
0.498
0.499
0.499
0.498
0.498
0.499
0.5
0.5
0.501
0.501
0.495
0.493
0.493
0.489
0.489
0.488
0.488
0.488
0.488
0.488
0.486
0.484
0.482
0.484
0.484
0.484
0.484
0.484
0.482
0.482
0.481
0.475
0.475
0.475
0.475
0.471
0.471
0.471
0.471
0.471
0.469
0.469
0.469
0.47
0.47
0.47
0.465
0.465
0.465
0.477
0.477
0.477
0.477
0.476
0.472
0.472
0.473
0.473
0.473
0.473
0.473
0.473
0.473
0.477
0.478
0.479
0.479
0.479
0.48
0.48
0.48
0.481
0.48
0.478
0.478
0.478
0.476
0.474
0.471
0.469
0.469
0.464
0.464
0.468
0.468
0.465
0.466
0.466
0.466
0.466
0.475
0.475
0.47
0.469
0.47
0.469
0.47
0.475
0.478
0.481
0.481
0.478
0.477
0.477
0.477
0.478
0.479
0.481
0.481
0.483
0.486
0.483
0.483
0.486
0.484
0.484
0.492
0.493
0.494
0.496
0.5
0.5
0.496
0.493
0.486
0.486
0.486
0.486
0.486
0.496
0.497
0.499
0.499
0.5
0.5
0.503
0.506
0.506
0.503
0.505
0.501
0.499
0.499
0.505
0.501
0.508
0.509
0.509
0.509
0.509
0.509
0.509
0.509
0.512
0.509
0.507
0.507
0.512
0.52
0.52
0.52
0.52
0.519
0.517
0.517
0.517
0.517
0.52
0.523
0.524
0.528
0.529
0.529
0.531
0.531
0.53
0.53
0.53
0.53
0.53
0.538
0.536
0.54
0.539
0.54
0.543
0.543
0.539
0.543
0.543
0.543
0.549
0.551
0.552
0.555
0.555
0.556
0.557
0.557
0.564
0.564
0.567
0.567
0.571
0.571
0.575
0.576
0.582
0.582
0.582
0.582
0.583
0.585
0.592
0.595
0.595
0.592
0.595
0.595
0.595
0.595
0.612
0.612
0.612
0.612
0.612
0.612
0.619
0.62
0.624
0.624
0.624
0.621
