0.633
0.633
0.636
0.636
0.643
0.643
0.646
0.644
0.644
0.644
0.645
0.645
0.646
0.647
0.646
0.647
0.65
0.647
0.652
0.652
0.655
0.655
0.655
0.654
0.655
0.656
0.656
0.66
0.66
0.665
0.665
0.665
0.662
0.662
0.662
0.662
0.662
0.663
0.669
0.672
0.673
0.673
0.672
0.679
0.68
0.683
0.684
0.687
0.695
0.696
0.696
0.695
0.686
0.686
0.686
0.686
0.695
0.697
0.703
0.706
0.706
0.706
0.706
0.706
0.706
0.712
0.717
0.718
0.721
0.721
0.718
0.718
0.718
0.718
0.719
0.721
0.725
0.729
0.731
0.735
0.737
0.737
0.738
0.741
0.742
0.743
0.746
0.755
0.756
0.761
0.761
0.762
0.762
0.761
0.761
0.768
0.771
0.777
0.778
0.779
0.785
0.785
0.786
0.792
0.792
0.793
0.804
0.806
0.805
0.808
0.81
0.816
0.816
0.819
0.821
0.827
0.827
0.828
0.833
0.835
0.835
0.838
0.845
0.845
0.849
0.858
0.858
0.86
0.865
0.867
0.869
0.871
0.874
0.883
0.886
0.887
0.896
0.896
0.896
0.896
0.903
0.911
0.913
0.918
0.921
0.927
0.935
0.949
0.95
0.95
0.957
0.959
0.96
0.97
0.976
0.986
0.986
0.989
0.993
0.996
1.006
1.009
1.018
1.022
1.025
1.033
1.047
1.051
1.057
1.064
1.064
1.065
1.076
1.08
1.088
1.096
1.098
1.112
1.121
1.136
1.136
1.138
1.15
1.167
1.173
1.175
1.179
1.19
1.195
1.205
1.225
1.235
1.239
1.243
1.258
1.26
1.271
1.277
1.302
1.312
1.316
1.326
1.339
1.346
1.363
1.381
1.392
1.402
1.418
1.437
1.449
1.453
1.465
1.481
1.494
1.503
1.522
1.535
1.553
1.574
1.584
1.61
1.611
1.642
1.658
1.684
1.689
1.709
1.732
1.751
1.763
1.796
1.826
1.849
1.857
1.857
1.857
0.607
0.578
0.486
0.477
0.474
0.477
0.477
0.474
0.471
0.471
0.471
0.474
0.474
0.474
0.474
0.468
0.466
0.466
0.466
0.465
0.465
0.462
0.46
0.46
0.462
0.462
0.462
0.467
0.467
0.465
0.467
0.467
0.465
0.465
0.461
0.459
0.459
0.459
0.458
0.457
0.454
0.454
0.454
0.459
0.459
0.459
0.459
0.457
0.457
0.459
0.459
0.461
0.461
0.461
0.461
0.462
0.462
0.462
0.462
0.462
0.462
0.46
0.463
0.463
0.458
0.457
0.458
0.458
0.457
0.458
0.458
0.455
0.454
0.454
0.454
0.454
0.457
0.457
0.457
0.457
0.457
0.461
0.461
0.463
0.465
0.463
0.465
0.466
0.468
0.466
0.466
0.466
0.466
0.464
0.464
0.465
0.464
0.46
0.465
0.463
0.46
0.463
0.463
0.463
0.463
0.463
0.466
0.466
0.465
0.466
0.467
0.467
0.467
0.467
0.467
0.466
0.463
0.466
0.465
0.465
0.467
0.468
0.471
0.471
0.471
0.471
0.471
0.478
0.479
0.479
0.479
0.477
0.472
0.472
0.473
0.472
0.473
0.474
0.473
0.474
0.474
0.474
0.474
0.482
0.484
0.489
0.489
0.486
0.486
0.486
0.486
0.486
0.486
0.488
0.492
0.496
0.496
0.496
0.498
0.498
0.494
0.494
0.499
0.499
0.501
0.501
0.501
0.501
0.501
0.502
0.503
0.502
0.502
0.502
0.506
0.506
0.507
0.507
0.51
0.51
0.51
0.51
0.518
0.523
0.524
0.524
0.524
0.524
0.528
0.535
0.536
0.536
0.536
0.536
0.535
0.535
0.535
0.533
0.533
0.533
0.533
0.533
0.539
0.539
0.543
0.543
0.543
0.543
0.554
0.554
0.554
0.543
0.543
0.543
0.551
0.554
0.561
0.561
0.566
0.567
0.572
0.57
0.572
0.573
0.573
0.573
0.575
0.576
0.576
0.582
0.584
0.588
0.588
0.589
0.593
0.596
0.596
0.597
0.597
0.602
0.607
0.607
0.611
0.613
0.613
0.613
0.617
0.619
0.634
0.636
0.636
0.635
0.634
0.635
0.635
0.639
0.647
0.649
0.65
0.65
0.658
0.663
0.663
0.664
0.665
0.665
0.679
0.681
0.683
0.683
0.692
0.698
0.699
0.703
0.703
0.705
0.707
0.713
0.718
0.725
0.726
0.73
0.73
0.73
0.728
0.724
0.723
0.722
0.72
0.72
0.711
0.711
0.705
0.704
0.703
0.703
0.703
0.697
0.701
0.694
0.693
0.694
0.693
0.693
0.693
0.693
0.687
0.687
0.687
0.687
0.687
0.681
0.671
0.669
0.666
0.664
0.664
0.662
0.662
0.66
0.656
0.656
0.655
0.652
0.652
0.655
0.651
0.65
0.648
0.647
0.643
0.647
0.644
0.643
0.64
0.635
0.635
0.635
0.635
0.632
0.637
0.637
0.634
0.634
0.639
0.634
0.634
0.629
0.629
0.628
0.626
0.626
0.625
0.623
0.623
0.621
0.621
0.618
0.613
0.613
0.613
0.608
0.608
0.613
0.614
0.614
0.618
0.618
0.618
0.617
0.613
0.612
0.613
0.613
0.613
0.613
0.613
0.613
0.612
0.613
0.612
0.612
0.61
0.61
0.61
0.604
0.604
0.612
0.612
0.605
0.612
0.605
0.604
0.604
0.6
0.6
0.6
0.603
0.603
0.603
0.603
0.6
0.593
0.593
0.593
0.595
0.602
0.602
0.602
0.59
0.59
0.59
0.597
0.597
0.601
0.602
0.601
0.596
0.594
0.592
0.592
0.594
0.594
0.594
0.594
0.594
0.59
0.59
0.59
0.582
0.59
0.592
0.617
0.74
1.015
1.271
1.8
1.827
1.828
1.829
1.831
1.831
1.831
1.832
1.833
1.833
1.833
1.836
1.836
1.836
1.84
1.84
1.835
1.835
1.835
1.835
1.837
1.838
1.839
1.841
1.845
1.845
1.843
1.846
1.846
1.848
1.848
1.849
1.855
1.856
1.856
1.86
1.86
1.856
1.856
1.86
1.861
1.861
1.864
1.866
1.87
1.874
1.878
1.879
1.879
1.879
1.88
1.883
1.883
1.883
1.883
1.873
1.826
1.796
1.763
1.733
1.705
1.684
1.666
1.644
1.607
1.597
1.576
1.559
1.523
1.505
1.483
1.46
1.443
1.427
1.419
1.402
1.375
1.349
1.339
1.327
1.312
1.295
1.282
1.263
1.25
1.235
1.227
1.22
1.204
1.189
1.175
1.16
1.152
1.148
1.142
1.125
1.12
1.108
1.094
1.084
1.074
1.057
1.037
1.037
1.034
1.029
1.014
1.004
0.997
0.992
0.988
0.969
0.967
0.966
0.958
0.949
0.939
0.937
0.924
0.922
0.92
0.909
0.901
0.894
0.885
0.884
0.882
0.88
0.867
0.858
0.849
0.848
0.839
0.835
0.831
0.822
0.813
0.812
0.805
0.804
0.804
0.791
0.786
0.78
0.775
0.773
0.773
0.772
0.77
0.762
0.76
0.757
0.755
0.748
0.747
0.738
0.732
0.728
0.721
0.72
0.719
0.718
0.712
0.711
0.694
0.693
0.686
0.686
0.681
0.68
0.675
0.672
0.67
0.67
0.671
0.671
0.67
0.658
0.654
0.653
0.65
0.65
0.65
0.65
0.648
0.644
0.634
0.633
0.626
0.622
0.622
0.622
0.622
0.622
0.622
0.621
0.621
0.611
0.608
0.608
0.606
0.605
0.598
0.597
0.593
0.593
0.592
0.59
0.588
0.587
0.584
0.583
0.583
0.581
0.575
0.574
0.574
0.574
0.574
0.572
0.572
0.56
0.556
0.556
0.556
0.56
0.56
0.56
0.56
0.552
0.549
0.55
0.549
0.548
0.546
0.543
0.543
0.543
0.54
0.544
0.544
0.54
0.54
0.54
0.538
0.537
0.536
0.534
0.532
0.532
0.528
0.528
0.523
0.523
0.518
0.517
0.518
0.517
0.518
0.52
0.522
0.52
0.52
0.522
0.516
0.514
0.515
0.515
0.515
0.515
0.515
0.511
0.508
0.508
0.502
0.502
0.506
0.501
0.5
0.5
0.5
0.494
0.493
0.493
0.493
0.493
0.497
0.497
0.495
0.5
0.498
0.495
0.498
0.498
0.498
0.497
0.497
0.494
0.494
0.489
0.489
0.489
0.487
0.485
0.487
0.485
0.483
0.483
0.483
0.483
0.483
0.483
0.483
0.486
0.487
0.486
0.486
0.483
0.483
0.483
0.483
0.483
0.483
0.483
0.481
0.481
0.477
0.477
0.476
0.476
0.476
0.476
0.474
0.476
0.474
0.471
0.467
0.469
0.469
0.469
0.471
0.472
0.475
0.475
0.475
0.475
0.476
0.475
0.474
0.476
0.476
0.474
0.474
0.471
0.467
0.467
0.467
0.467
0.468
0.471
0.48
0.48
0.48
0.479
0.477
0.474
0.477
0.479
0.474
0.474
0.472
0.472
0.472
0.472
0.475
0.475
0.48
0.475
0.473
0.471
0.472
0.472
0.472
0.469
0.469
0.469
0.469
0.478
0.478
0.479
0.479
0.477
0.477
0.477
0.476
0.477
0.477
0.477
0.477
0.477
0.477
0.477
0.478
0.478
0.478
0.478
0.478
