 0.486
 0.486
 0.488
 0.488
 0.484
 0.484
 0.488
 0.488
 0.49
 0.492
 0.495
 0.496
 0.496
 0.494
 0.494
 0.494
 0.494
 0.494
 0.494
 0.493
 0.493
 0.493
 0.495
 0.498
 0.499
 0.503
 0.503
 0.504
 0.504
 0.505
 0.504
 0.503
 0.503
 0.507
 0.507
 0.508
 0.511
 0.513
 0.513
 0.513
 0.513
 0.512
 0.512
 0.515
 0.513
 0.513
 0.517
 0.513
 0.513
 0.518
 0.524
 0.526
 0.527
 0.53
 0.532
 0.533
 0.533
 0.53
 0.531
 0.531
 0.531
 0.532
 0.535
 0.537
 0.537
 0.535
 0.539
 0.541
 0.545
 0.545
 0.552
 0.556
 0.556
 0.556
 0.556
 0.559
 0.564
 0.565
 0.568
 0.571
 0.571
 0.572
 0.572
 0.572
 0.573
 0.573
 0.575
 0.581
 0.582
 0.585
 0.586
 0.589
 0.589
 0.589
 0.589
 0.595
 0.595
 0.6
 0.6
 0.605
 0.606
 0.613
 0.614
 0.614
 0.614
 0.615
 0.616
 0.628
 0.629
 0.631
 0.634
 0.634
 0.639
 0.642
 0.642
 0.653
 0.653
 0.654
 0.659
 0.668
 0.668
 0.671
 0.671
 0.676
 0.68
 0.681
 0.681
 0.681
 0.687
 0.689
 0.697
 0.698
 0.699
 0.701
 0.714
 0.715
 0.715
 0.715
 0.716
 0.721
 0.727
 0.727
 0.728
 0.733
 0.733
 0.744
 0.746
 0.757
 0.758
 0.763
 0.763
 0.766
 0.767
 0.767
 0.762
 0.756
 0.756
 0.756
 0.756
 0.757
 0.757
 0.757
 0.749
 0.748
 0.746
 0.743
 0.742
 0.738
 0.738
 0.734
 0.729
 0.729
 0.726
 0.725
 0.724
 0.723
 0.721
 0.724
 0.721
 0.721
 0.721
 0.716
 0.715
 0.714
 0.711
 0.705
 0.707
 0.703
 0.702
 0.702
 0.7
 0.7
 0.697
 0.696
 0.696
 0.696
 0.694
 0.692
 0.691
 0.69
 0.687
 0.684
 0.684
 0.684
 0.678
 0.677
 0.677
 0.677
 0.673
 0.673
 0.674
 0.674
 0.667
 0.672
 0.667
 0.667
 0.667
 0.667
 0.662
 0.667
 0.662
 0.66
 0.662
 0.662
 0.659
 0.653
 0.653
 0.653
 0.656
 0.657
 0.657
 0.656
 0.647
 0.646
 0.646
 0.646
 0.646
 0.646
 0.646
 0.65
 0.647
 0.647
 0.647
 0.65
 0.647
 0.647
 0.643
 0.642
 0.636
 0.636
 0.636
 0.636
 0.636
 0.638
 0.636
 0.633
 0.633
 0.638
 0.629
 0.638
 0.638
 0.629
 0.627
 0.627
 0.627
 0.633
 0.638
 0.638
 0.634
 0.636
 0.634
 0.632
 0.632
 0.632
 0.632
 0.628
 0.628
 0.628
 0.628
 0.63
 0.63
 0.63
 0.63
 0.634
 0.631
 0.631
 0.634
 0.633
 0.633
 0.633
 0.635
 0.633
 0.631
 0.629
 0.622
 0.622
 0.627
 0.627
 0.627
 0.627
 0.627
 0.619
 0.619
 0.62
 0.62
 0.628
 0.629
 0.628
 0.63
 0.631
 0.63
 0.63
 0.631
 0.631
 0.631
 0.631
 0.633
 0.633
 0.634
 0.636
 0.636
 0.636
 0.636
 0.636
 0.635
 0.635
 0.635
 0.635
 0.635
 0.635
 0.637
 0.639
 0.641
 0.639
 0.64
 0.64
 0.638
 0.638
 0.64
 0.638
 0.64
 0.643
 0.641
 0.641
 0.641
 0.641
 0.641
 0.641
 0.641
 0.642
 0.642
 0.644
 0.647
 0.642
 0.642
 0.644
 0.644
 0.644
 0.645
 0.647
 0.647
 0.647
 0.648
 0.649
 0.653
 0.653
 0.653
 0.656
 0.656
 0.657
 0.658
 0.659
 0.659
 0.66
 0.661
 0.662
 0.664
 0.664
 0.664
 0.664
 0.662
 0.662
 0.665
 0.668
 0.678
 0.678
 0.678
 0.678
 0.678
 0.677
 0.677
 0.677
 0.677
 0.676
 0.676
 0.677
 0.679
 0.685
 0.69
 0.69
 0.69
 0.694
 0.694
 0.702
 0.702
 0.702
 0.7
 0.697
 0.697
 0.697
 0.697
 0.707
 0.714
 0.714
 0.714
 0.714
 0.714
 0.719
 0.721
 0.721
 0.721
 0.721
 0.721
 0.721
 0.728
 0.734
 0.735
 0.735
 0.735
 0.736
 0.738
 0.738
 0.739
 0.742
 0.741
 0.744
 0.744
 0.748
 0.749
 0.755
 0.755
 0.755
 0.755
 0.761
 0.762
 0.77
 0.773
 0.773
 0.775
 0.775
 0.775
 0.785
 0.787
 0.792
 0.792
 0.794
 0.797
 0.798
 0.801
 0.803
 0.803
 0.803
 0.807
 0.811
 0.812
 0.813
 0.823
 0.825
 0.825
 0.829
 0.829
 0.837
 0.839
 0.84
 0.845
 0.848
 0.857
 0.859
 0.866
 0.866
 0.867
 0.87
 0.87
 0.873
 0.874
 0.874
 0.88
 0.885
 0.896
 0.896
 0.901
 0.906
 0.906
 0.909
 0.911
 0.92
 0.921
 0.927
 0.928
 0.931
 0.937
 0.947
 0.953
 0.955
 0.96
 0.964
 0.965
 0.967
 0.967
 0.972
 0.975
 0.994
 0.995
 1.001
 1.003
 1.015
 1.018
 1.038
 1.042
 1.042
 1.052
 1.061
 1.063
 1.065
 1.072
 1.081
 1.096
 1.107
 1.114
 1.12
 1.128
 1.136
 1.145
 1.147
 1.154
 1.167
 1.173
 1.184
 1.188
 1.189
 1.211
 1.221
 1.223
 1.23
 1.247
 1.256
 1.259
 1.272
 1.272
 1.3
 1.313
 1.314
 1.339
 1.342
 1.363
 1.37
 1.385
 1.39
 1.401
 1.418
 1.437
 1.451
 1.461
 1.476
 1.493
 1.512
 1.533
 1.543
 1.558
 1.578
 1.584
 1.6
 1.62
 1.632
 1.644
 1.666
 1.682
 1.71
 1.714
 1.737
 1.762
 1.78
 1.807
 1.826
 1.852
 1.874
 1.874
 1.896
 1.896
 0.561
 0.491
 0.473
 0.473
 0.476
 0.473
 0.473
 0.47
 0.47
 0.47
 0.47
 0.47
 0.469
 0.469
 0.467
 0.467
 0.467
 0.467
 0.467
 0.468
 0.468
 0.468
 0.468
 0.462
 0.462
 0.467
 0.467
 0.462
 0.461
 0.461
 0.461
 0.461
 0.463
 0.463
 0.463
 0.465
 0.467
 0.465
 0.467
 0.465
 0.467
 0.464
 0.464
 0.461
 0.458
 0.458
 0.458
 0.458
 0.463
 0.463
 0.464
 0.464
 0.462
 0.462
 0.464
 0.462
 0.462
 0.465
 0.462
 0.462
 0.465
 0.465
 0.462
 0.465
 0.462
 0.46
 0.455
 0.453
 0.453
 0.453
 0.457
 0.457
 0.457
 0.456
 0.456
 0.456
 0.463
 0.463
 0.465
 0.465
 0.463
 0.466
 0.466
 0.466
 0.466
 0.466
 0.462
 0.462
 0.462
 0.462
 0.461
 0.461
 0.461
 0.461
 0.461
 0.462
 0.463
 0.463
 0.467
 0.468
 0.468
 0.466
 0.468
 0.467
 0.466
 0.466
 0.467
 0.466
 0.466
 0.466
 0.468
 0.466
 0.466
 0.464
 0.466
 0.465
 0.464
 0.465
 0.465
 0.465
 0.465
 0.467
 0.467
 0.468
 0.474
 0.468
 0.468
 0.472
 0.474
 0.472
 0.473
 0.475
 0.474
 0.474
 0.475
 0.48
 0.482
 0.483
 0.483
 0.483
 0.481
 0.481
 0.481
 0.486
 0.49
 0.49
 0.49
 0.488
 0.488
 0.488
 0.487
 0.487
 0.491
 0.493
 0.494
 0.494
 0.501
 0.494
 0.494
 0.501
 0.502
 0.501
 0.502
 0.501
 0.501
 0.501
 0.504
 0.507
 0.507
 0.507
 0.51
 0.51
 0.512
 0.513
 0.513
 0.513
 0.515
 0.515
 0.513
 0.513
 0.513
 0.513
 0.515
 0.521
 0.522
 0.524
 0.528
 0.528
 0.528
 0.528
 0.53
 0.53
 0.535
 0.535
 0.536
 0.536
 0.535
 0.535
 0.538
 0.538
 0.54
 0.544
 0.544
 0.546
 0.546
 0.546
 0.55
 0.55
 0.554
 0.555
 0.56
 0.561
 0.561
 0.561
 0.563
 0.563
 0.563
 0.563
 0.57
 0.575
 0.579
 0.579
 0.58
 0.583
 0.583
 0.586
 0.592
 0.592
 0.595
 0.599
 0.599
 0.599
 0.601
 0.603
 0.61
 0.61
 0.611
 0.617
 0.619
 0.622
 0.622
 0.623
 0.628
 0.632
 0.632
 0.636
 0.637
 0.641
 0.642
 0.643
 0.644
 0.644
 0.654
 0.656
 0.66
 0.66
 0.66
 0.661
 0.663
 0.667
 0.668
 0.672
 0.68
 0.682
 0.691
 0.693
 0.693
 0.693
 0.696
 0.696
 0.703
 0.712
 0.713
 0.715
 0.723
 0.73
 0.732
 0.736
 0.736
 0.736
 0.736
 0.736
 0.732
 0.728
 0.724
 0.722
 0.722
 0.721
 0.72
 0.719
 0.714
 0.719
 0.714
 0.712
 0.712
 0.711
 0.706
 0.705
 0.704
 0.706
 0.704
 0.697
 0.694
 0.692
 0.686
 0.686
 0.684
 0.684
 0.686
 0.686
 0.686
 0.686
 0.685
 0.68
 0.679
 0.679
 0.674
 0.674
 0.668
 0.667
 0.666
 0.666
 0.667
 0.664
 0.66
 0.66
 0.658
 0.657
 0.657
 0.656
 0.655
 0.65
 0.654
 0.652
 0.65
 0.65
 0.65
 0.648
 0.647
 0.644
 0.644
 0.642
 0.642
 0.639
 0.642
 0.637
 0.637
 0.635
 0.635
 0.631
 0.63
 0.62
 0.62
 0.62
 0.62
 0.62
 0.62
 0.626
 0.626
 0.626
 0.626
 0.625
 0.621
 0.62
 0.62
 0.62
 0.622
 0.624
 0.624
 0.622
 0.616
 0.615
 0.613
 0.613
 0.609
 0.609
 0.607
 0.607
 0.607
 0.607
 0.609
 0.609
 0.611
 0.611
 0.605
 0.604
 0.604
 0.604
 0.606
 0.607
 0.607
 0.606
 0.604
 0.604
 0.602
 0.604
 0.604
 0.602
 0.603
 0.603
 0.601
 0.6
 0.596
 0.596
 0.596
 0.597
 0.597
 0.598
 0.597
 0.597
 0.594
 0.599
 0.596
 0.596
 0.594
 0.596
 0.596
 0.602
 0.602
 0.602
 0.598
 0.598
 0.598
 0.598
 0.599
 0.601
 0.601
 0.601
 0.608
 0.614
 0.644
 0.935
 1.108
 1.776
 1.81
 1.818
 1.821
 1.823
 1.824
 1.825
 1.825
 1.826
 1.825
 1.824
 1.824
 1.824
 1.824
 1.824
 1.829
 1.834
 1.836
 1.836
 1.836
 1.838
 1.838
 1.84
 1.84
 1.84
 1.84
 1.837
 1.837
 1.84
 1.837
 1.846
 1.848
 1.848
 1.851
 1.853
 1.853
 1.853
 1.853
 1.856
 1.864
 1.864
 1.866
 1.867
 1.867
 1.867
 1.867
 1.867
 1.87
 1.872
 1.881
 1.882
 1.884
 1.884
 1.884
 1.884
 1.884
 1.857
 1.825
