0.644
0.646
0.647
0.647
0.647
0.647
0.64
0.638
0.638
0.64
0.638
0.639
0.641
0.639
0.638
0.638
0.633
0.629
0.629
0.629
0.628
0.63
0.634
0.634
0.634
0.634
0.631
0.631
0.631
0.628
0.628
0.633
0.628
0.627
0.627
0.627
0.626
0.627
0.626
0.626
0.626
0.625
0.625
0.625
0.625
0.627
0.627
0.627
0.63
0.63
0.63
0.63
0.629
0.629
0.629
0.627
0.63
0.63
0.63
0.63
0.635
0.635
0.635
0.628
0.628
0.628
0.624
0.623
0.622
0.622
0.622
0.625
0.629
0.629
0.627
0.627
0.627
0.627
0.627
0.627
0.629
0.629
0.629
0.633
0.633
0.631
0.633
0.631
0.631
0.631
0.632
0.632
0.633
0.635
0.635
0.635
0.633
0.633
0.633
0.634
0.634
0.634
0.634
0.638
0.638
0.638
0.638
0.637
0.637
0.637
0.633
0.637
0.637
0.638
0.639
0.639
0.639
0.644
0.639
0.639
0.643
0.643
0.643
0.643
0.645
0.648
0.648
0.651
0.65
0.65
0.65
0.65
0.65
0.653
0.653
0.654
0.654
0.654
0.658
0.658
0.658
0.659
0.659
0.659
0.659
0.659
0.664
0.66
0.66
0.664
0.664
0.665
0.672
0.668
0.669
0.676
0.669
0.669
0.669
0.669
0.669
0.678
0.68
0.68
0.68
0.681
0.681
0.686
0.686
0.69
0.694
0.694
0.694
0.696
0.699
0.699
0.701
0.701
0.704
0.704
0.704
0.705
0.706
0.706
0.708
0.708
0.712
0.713
0.717
0.72
0.725
0.725
0.726
0.726
0.726
0.726
0.729
0.729
0.73
0.73
0.734
0.74
0.74
0.741
0.743
0.744
0.746
0.747
0.747
0.753
0.754
0.766
0.766
0.767
0.769
0.771
0.778
0.779
0.784
0.782
0.785
0.788
0.788
0.79
0.793
0.796
0.797
0.8
0.806
0.807
0.811
0.812
0.814
0.815
0.82
0.82
0.822
0.825
0.833
0.835
0.841
0.844
0.844
0.852
0.857
0.861
0.861
0.864
0.868
0.871
0.871
0.872
0.878
0.888
0.891
0.892
0.897
0.897
0.906
0.912
0.912
0.913
0.916
0.917
0.921
0.925
0.938
0.94
0.94
0.946
0.951
0.953
0.96
0.962
0.965
0.966
0.97
0.986
1
1
1.001
1.002
1.014
1.016
1.019
1.035
1.039
1.047
1.047
1.047
1.053
1.064
1.072
1.086
1.086
1.089
1.095
1.106
1.115
1.124
1.132
1.139
1.147
1.156
1.165
1.169
1.174
1.181
1.19
1.195
1.211
1.221
1.235
1.238
1.248
1.249
1.259
1.272
1.287
1.298
1.305
1.316
1.322
1.341
1.35
1.374
1.374
1.395
1.41
1.425
1.44
1.442
1.452
1.481
1.489
1.493
1.527
1.531
1.531
1.546
1.576
1.592
1.606
1.635
1.645
1.655
1.674
1.697
1.721
1.741
1.762
1.782
1.808
1.824
1.85
1.877
1.877
1.877
0.617
0.594
0.499
0.48
0.476
0.48
0.476
0.476
0.476
0.48
0.478
0.481
0.481
0.478
0.478
0.475
0.472
0.472
0.47
0.47
0.471
0.471
0.466
0.467
0.467
0.466
0.467
0.468
0.468
0.467
0.467
0.466
0.466
0.466
0.465
0.457
0.457
0.457
0.461
0.46
0.461
0.463
0.463
0.461
0.461
0.461
0.461
0.463
0.463
0.463
0.463
0.463
0.463
0.463
0.461
0.461
0.46
0.46
0.458
0.458
0.461
0.461
0.458
0.457
0.457
0.452
0.457
0.457
0.457
0.455
0.455
0.455
0.455
0.458
0.458
0.46
0.458
0.457
0.454
0.454
0.454
0.456
0.459
0.459
0.462
0.46
0.459
0.46
0.46
0.46
0.46
0.464
0.464
0.463
0.462
0.463
0.463
0.469
0.469
0.469
0.469
0.468
0.461
0.462
0.462
0.461
0.461
0.462
0.461
0.463
0.464
0.47
0.47
0.47
0.468
0.466
0.464
0.464
0.464
0.464
0.469
0.469
0.47
0.469
0.462
0.462
0.465
0.465
0.474
0.474
0.47
0.47
0.47
0.469
0.47
0.47
0.47
0.472
0.473
0.473
0.474
0.477
0.48
0.48
0.48
0.48
0.48
0.48
0.481
0.481
0.481
0.482
0.482
0.482
0.482
0.483
0.484
0.486
0.487
0.488
0.488
0.489
0.489
0.489
0.489
0.489
0.489
0.49
0.493
0.493
0.493
0.497
0.497
0.497
0.497
0.497
0.498
0.501
0.504
0.506
0.506
0.506
0.506
0.507
0.516
0.516
0.517
0.516
0.517
0.52
0.52
0.52
0.52
0.52
0.522
0.522
0.531
0.531
0.531
0.531
0.528
0.528
0.528
0.536
0.538
0.539
0.539
0.539
0.543
0.544
0.545
0.548
0.548
0.552
0.552
0.556
0.561
0.561
0.559
0.562
0.563
0.563
0.563
0.563
0.564
0.568
0.572
0.573
0.578
0.58
0.581
0.581
0.587
0.591
0.591
0.594
0.595
0.595
0.595
0.609
0.609
0.613
0.609
0.609
0.616
0.617
0.625
0.625
0.627
0.629
0.629
0.636
0.64
0.64
0.645
0.646
0.646
0.647
0.649
0.66
0.661
0.662
0.668
0.671
0.672
0.681
0.683
0.683
0.683
0.689
0.692
0.702
0.702
0.709
0.713
0.715
0.722
0.722
0.725
0.73
0.73
0.73
0.732
0.733
0.732
0.732
0.727
0.726
0.723
0.718
0.718
0.716
0.711
0.709
0.708
0.708
0.707
0.707
0.706
0.706
0.703
0.699
0.695
0.691
0.691
0.691
0.694
0.694
0.694
0.691
0.688
0.686
0.681
0.68
0.678
0.676
0.673
0.673
0.673
0.673
0.673
0.673
0.673
0.661
0.661
0.661
0.661
0.661
0.66
0.66
0.656
0.655
0.653
0.653
0.653
0.647
0.647
0.647
0.647
0.645
0.645
0.644
0.645
0.639
0.643
0.639
0.639
0.638
0.633
0.632
0.633
0.633
0.632
0.627
0.623
0.62
0.62
0.62
0.621
0.621
0.621
0.619
0.619
0.619
0.619
0.617
0.623
0.623
0.622
0.62
0.62
0.62
0.615
0.615
0.615
0.615
0.615
0.621
0.621
0.621
0.612
0.612
0.612
0.612
0.614
0.616
0.616
0.609
0.609
0.609
0.608
0.608
0.608
0.609
0.608
0.607
0.607
0.607
0.605
0.601
0.601
0.601
0.601
0.601
0.601
0.601
0.601
0.601
0.602
0.602
0.602
0.603
0.602
0.603
0.606
0.603
0.605
0.605
0.603
0.603
0.603
0.599
0.599
0.599
0.599
0.596
0.596
0.591
0.596
0.596
0.598
0.606
0.632
0.849
1.091
1.803
1.811
1.827
1.827
1.827
1.827
1.824
1.824
1.824
1.831
1.831
1.835
1.835
1.835
1.835
1.835
1.835
1.836
1.836
1.838
1.84
1.84
1.84
1.843
1.84
1.839
1.839
1.841
1.841
1.846
1.846
1.849
1.852
1.853
1.852
1.853
1.853
1.861
1.865
1.866
1.867
1.867
1.867
1.867
1.868
1.867
1.87
1.871
1.877
1.877
1.878
1.879
1.886
1.886
1.886
1.886
1.844
1.81
1.777
1.735
1.729
1.688
1.674
1.659
1.612
1.6
1.577
1.559
1.537
1.519
1.486
1.468
1.449
1.438
1.419
1.414
1.389
1.362
1.341
1.334
1.308
1.299
1.285
1.271
1.252
1.232
1.226
1.221
1.21
1.186
1.182
1.165
1.153
1.141
1.14
1.13
1.127
1.119
1.091
1.076
1.073
1.07
1.05
1.044
1.036
1.034
1.02
1.013
1.006
0.998
0.989
0.986
0.97
0.957
0.953
0.947
0.945
0.94
0.929
0.915
0.915
0.911
0.898
0.898
0.896
0.891
0.88
0.871
0.862
0.858
0.851
0.846
0.834
0.831
0.825
0.822
0.82
0.82
0.817
0.806
0.804
0.803
0.802
0.802
0.791
0.79
0.77
0.768
0.766
0.764
0.76
0.754
0.75
0.747
0.741
0.74
0.738
0.722
0.722
0.722
0.72
0.716
0.712
0.712
0.702
0.698
0.695
0.692
0.69
0.686
0.682
0.68
0.68
0.677
0.677
0.677
0.673
0.666
0.664
0.663
0.649
0.649
0.648
0.648
0.648
0.647
0.641
0.641
0.639
0.632
0.63
0.63
0.629
0.625
0.621
0.617
0.617
0.616
0.613
0.612
0.603
0.602
0.601
0.601
0.598
0.596
0.594
0.594
0.579
0.579
0.579
0.588
0.588
0.588
0.576
0.573
0.573
0.573
0.573
0.565
0.565
0.565
0.565
0.565
0.56
0.56
0.56
0.558
0.55
0.55
0.55
0.55
0.55
0.548
0.548
0.548
0.547
0.54
0.54
0.54
0.54
0.54
0.54
0.539
0.537
0.536
0.532
0.531
0.527
0.527
0.523
0.523
0.522
0.521
0.517
0.517
0.514
0.514
0.514
0.503
0.503
0.502
0.503
0.508
0.516
0.516
0.516
0.514
0.506
0.506
0.506
0.509
0.509
0.509
0.495
0.494
0.493
0.493
0.493
0.496
0.496
0.498
0.496
0.493
0.493
0.493
0.486
