0.476
0.476
0.479
0.48
0.48
0.48
0.48
0.48
0.48
0.477
0.477
0.477
0.477
0.472
0.471
0.471
0.471
0.472
0.473
0.473
0.474
0.474
0.473
0.472
0.472
0.471
0.471
0.472
0.472
0.472
0.473
0.473
0.473
0.473
0.473
0.471
0.47
0.468
0.468
0.46
0.468
0.468
0.469
0.473
0.473
0.469
0.468
0.467
0.467
0.467
0.467
0.467
0.467
0.464
0.461
0.464
0.474
0.469
0.471
0.474
0.471
0.471
0.473
0.473
0.47
0.465
0.465
0.465
0.465
0.463
0.463
0.461
0.461
0.463
0.464
0.471
0.471
0.471
0.471
0.468
0.468
0.468
0.472
0.472
0.472
0.475
0.476
0.476
0.471
0.471
0.471
0.47
0.471
0.469
0.469
0.469
0.469
0.469
0.469
0.473
0.473
0.473
0.473
0.476
0.473
0.473
0.473
0.476
0.471
0.472
0.472
0.474
0.474
0.48
0.482
0.482
0.482
0.482
0.482
0.487
0.487
0.487
0.487
0.487
0.488
0.49
0.49
0.49
0.49
0.49
0.49
0.494
0.499
0.495
0.499
0.499
0.505
0.506
0.506
0.506
0.504
0.5
0.499
0.499
0.5
0.506
0.506
0.506
0.506
0.506
0.509
0.511
0.514
0.515
0.515
0.514
0.513
0.512
0.512
0.513
0.515
0.515
0.518
0.518
0.52
0.523
0.523
0.523
0.523
0.519
0.519
0.523
0.536
0.536
0.536
0.535
0.535
0.535
0.537
0.544
0.544
0.544
0.544
0.546
0.548
0.549
0.549
0.553
0.556
0.558
0.558
0.558
0.56
0.563
0.563
0.565
0.565
0.565
0.566
0.573
0.573
0.576
0.576
0.58
0.582
0.582
0.582
0.588
0.589
0.591
0.592
0.594
0.596
0.604
0.608
0.609
0.61
0.61
0.617
0.62
0.62
0.62
0.62
0.624
0.624
0.629
0.629
0.629
0.632
0.642
0.651
0.652
0.653
0.654
0.658
0.662
0.667
0.668
0.674
0.674
0.674
0.682
0.683
0.685
0.69
0.692
0.696
0.698
0.702
0.703
0.706
0.707
0.712
0.719
0.723
0.724
0.725
0.728
0.729
0.732
0.736
0.747
0.747
0.75
0.751
0.763
0.765
0.766
0.765
0.765
0.76
0.76
0.76
0.758
0.755
0.756
0.755
0.753
0.752
0.752
0.749
0.749
0.737
0.737
0.737
0.737
0.736
0.736
0.731
0.73
0.727
0.724
0.72
0.72
0.72
0.716
0.715
0.715
0.711
0.71
0.71
0.711
0.711
0.711
0.711
0.71
0.701
0.697
0.697
0.697
0.692
0.694
0.69
0.689
0.689
0.687
0.687
0.685
0.687
0.685
0.685
0.685
0.68
0.676
0.675
0.675
0.675
0.675
0.675
0.675
0.671
0.668
0.668
0.668
0.666
0.667
0.667
0.666
0.664
0.662
0.662
0.659
0.659
0.659
0.655
0.655
0.655
0.654
0.654
0.654
0.65
0.65
0.654
0.65
0.65
0.647
0.642
0.642
0.647
0.645
0.645
0.647
0.646
0.645
0.64
0.639
0.639
0.639
0.639
0.64
0.64
0.642
0.64
0.637
0.634
0.634
0.634
0.634
0.634
0.636
0.636
0.634
0.636
0.636
0.634
0.634
0.634
0.632
0.634
0.632
0.632
0.632
0.632
0.632
0.633
0.633
0.633
0.631
0.631
0.631
0.631
0.631
0.629
0.629
0.629
0.633
0.633
0.633
0.63
0.629
0.627
0.625
0.622
0.622
0.622
0.622
0.622
0.624
0.625
0.63
0.631
0.631
0.631
0.63
0.63
0.63
0.63
0.629
0.627
0.627
0.627
0.625
0.623
0.63
0.631
0.628
0.628
0.631
0.63
0.628
0.628
0.63
0.63
0.63
0.63
0.633
0.633
0.633
0.627
0.633
0.633
0.634
0.634
0.64
0.64
0.638
0.639
0.638
0.636
0.636
0.636
0.636
0.641
0.641
0.641
0.64
0.64
0.637
0.637
0.637
0.642
0.637
0.636
0.643
0.643
0.643
0.643
0.647
0.647
0.647
0.648
0.65
0.649
0.649
0.653
0.653
0.649
0.647
0.647
0.647
0.647
0.654
0.654
0.659
0.647
0.655
0.653
0.655
0.655
0.662
0.662
0.662
0.662
0.662
0.658
0.658
0.662
0.667
0.671
0.671
0.667
0.671
0.675
0.677
0.678
0.68
0.683
0.683
0.685
0.693
0.688
0.688
0.689
0.689
0.689
0.69
0.69
0.693
0.694
0.694
0.694
0.705
0.708
0.708
0.708
0.708
0.714
0.72
0.72
0.72
0.722
0.722
0.722
0.725
0.727
0.727
0.731
0.732
0.732
0.735
0.739
0.743
0.743
0.747
0.753
0.747
0.753
0.753
0.759
0.759
0.762
0.763
0.767
0.763
0.771
0.771
0.776
0.78
0.782
0.782
0.796
0.798
0.798
0.798
0.801
0.801
0.803
0.803
0.806
0.806
0.812
0.817
0.818
0.832
0.833
0.833
0.832
0.832
0.83
0.83
0.838
0.84
0.854
0.858
0.861
0.866
0.866
0.87
0.874
0.876
0.881
0.886
0.89
0.894
0.897
0.901
0.902
0.914
0.917
0.926
0.927
0.927
0.928
0.928
0.946
0.95
0.957
0.962
0.963
0.967
0.972
0.975
0.988
0.989
0.99
0.99
0.999
1.017
1.018
1.025
1.028
1.029
1.043
1.051
1.055
1.063
1.075
1.075
1.076
1.085
1.087
1.089
1.103
1.11
1.128
1.128
1.138
1.155
1.16
1.162
1.171
1.176
1.195
1.195
1.212
1.212
1.22
1.236
1.236
1.247
1.251
1.266
1.276
1.293
1.294
1.309
1.322
1.333
1.344
1.356
1.374
1.378
1.401
1.407
1.419
1.428
1.431
1.449
1.48
1.487
1.505
1.516
1.532
1.539
1.567
1.577
1.593
1.601
1.625
1.647
1.657
1.684
1.704
1.716
1.747
1.756
1.773
1.8
1.825
1.841
1.883
1.883
1.883
1.035
0.646
0.482
0.473
0.473
0.482
0.482
0.481
0.484
0.481
0.48
0.48
0.479
0.477
0.477
0.477
0.477
0.478
0.478
0.473
0.472
0.472
0.472
0.469
0.471
0.468
0.468
0.465
0.468
0.468
0.469
0.469
0.469
0.467
0.467
0.467
0.467
0.468
0.468
0.471
0.473
0.473
0.467
0.467
0.463
0.463
0.463
0.46
0.463
0.464
0.46
0.46
0.464
0.458
0.458
0.458
0.459
0.457
0.459
0.459
0.459
0.459
0.46
0.466
0.466
0.461
0.463
0.461
0.461
0.461
0.456
0.455
0.455
0.456
0.456
0.457
0.457
0.459
0.459
0.459
0.459
0.465
0.461
0.461
0.461
0.465
0.465
0.465
0.465
0.469
0.463
0.463
0.461
0.464
0.46
0.464
0.464
0.469
0.472
0.472
0.47
0.47
0.468
0.466
0.466
0.466
0.465
0.465
0.46
0.46
0.46
0.464
0.466
0.466
0.466
0.471
0.471
0.471
0.471
0.471
0.471
0.472
0.472
0.479
0.479
0.478
0.478
0.478
0.478
0.475
0.475
0.475
0.475
0.479
0.48
0.481
0.481
0.48
0.48
0.482
0.482
0.483
0.484
0.487
0.487
0.487
0.493
0.495
0.495
0.493
0.493
0.491
0.491
0.491
0.497
0.491
0.497
0.498
0.497
0.494
0.498
0.498
0.498
0.498
0.499
0.499
0.501
0.501
0.503
0.506
0.506
0.506
0.508
0.511
0.511
0.511
0.515
0.515
0.515
0.515
0.513
0.513
0.514
0.514
0.521
0.521
0.524
0.524
0.524
0.526
0.53
0.53
0.53
0.533
0.533
0.536
0.536
0.538
0.538
0.54
0.54
0.55
0.55
0.551
0.55
0.548
0.548
0.551
0.551
0.552
0.557
0.557
0.563
0.563
0.564
0.564
0.565
0.566
0.567
0.57
0.574
0.58
0.582
0.582
0.584
0.584
0.591
0.593
0.591
0.598
0.593
0.598
0.599
0.601
0.603
0.608
0.61
0.619
0.619
0.619
0.62
0.622
0.622
0.623
0.625
0.629
0.632
0.634
0.635
0.638
0.638
0.647
0.657
0.657
0.657
0.659
0.659
0.661
0.661
0.666
0.667
0.671
0.679
0.679
0.679
0.679
0.68
0.681
0.688
0.691
0.702
0.706
0.712
0.713
0.715
0.717
0.721
0.725
0.731
0.74
0.74
0.74
0.737
0.73
0.73
0.73
0.729
0.725
0.722
0.722
0.722
0.721
0.719
0.714
0.714
0.714
0.714
0.708
0.7
0.7
0.698
0.696
0.693
0.692
0.69
0.688
0.688
0.688
0.687
0.684
0.687
0.687
0.687
0.687
0.687
0.681
0.679
0.676
0.667
0.666
0.665
0.665
0.663
0.663
0.661
0.655
0.655
0.655
0.655
0.654
0.65
0.65
0.65
0.65
0.65
0.65
0.647
0.644
0.643
0.644
0.644
0.641
0.641
0.641
0.641
0.641
0.641
0.64
0.64
0.632
0.632
0.632
0.633
0.633
0.633
0.628
0.622
0.62
0.619
0.619
0.619
0.619
0.617
0.617
0.615
0.614
0.615
0.62
0.622
0.622
0.622
0.614
0.613
0.612
0.611
0.611
0.61
