 0.643
 0.645
 0.65
 0.645
 0.643
 0.64
 0.625
 0.625
 0.625
 0.625
 0.625
 0.625
 0.617
 0.617
 0.615
 0.615
 0.606
 0.605
 0.605
 0.604
 0.6
 0.601
 0.6
 0.597
 0.6
 0.597
 0.593
 0.59
 0.59
 0.583
 0.58
 0.58
 0.58
 0.579
 0.582
 0.582
 0.579
 0.577
 0.571
 0.566
 0.564
 0.564
 0.563
 0.558
 0.558
 0.562
 0.558
 0.558
 0.558
 0.558
 0.555
 0.558
 0.555
 0.551
 0.548
 0.548
 0.546
 0.537
 0.534
 0.534
 0.534
 0.526
 0.53
 0.53
 0.529
 0.529
 0.529
 0.528
 0.529
 0.529
 0.528
 0.521
 0.521
 0.519
 0.519
 0.519
 0.519
 0.518
 0.521
 0.518
 0.518
 0.513
 0.513
 0.51
 0.51
 0.51
 0.51
 0.51
 0.51
 0.51
 0.509
 0.507
 0.506
 0.504
 0.504
 0.497
 0.497
 0.496
 0.496
 0.495
 0.494
 0.493
 0.489
 0.489
 0.489
 0.489
 0.49
 0.492
 0.492
 0.492
 0.487
 0.485
 0.485
 0.485
 0.487
 0.488
 0.489
 0.489
 0.489
 0.493
 0.489
 0.489
 0.488
 0.488
 0.487
 0.487
 0.487
 0.486
 0.486
 0.486
 0.482
 0.478
 0.482
 0.482
 0.482
 0.478
 0.48
 0.475
 0.475
 0.476
 0.476
 0.476
 0.476
 0.473
 0.473
 0.473
 0.473
 0.473
 0.473
 0.472
 0.472
 0.471
 0.471
 0.471
 0.471
 0.471
 0.469
 0.467
 0.467
 0.472
 0.464
 0.472
 0.472
 0.472
 0.468
 0.472
 0.474
 0.468
 0.468
 0.474
 0.474
 0.466
 0.468
 0.468
 0.468
 0.467
 0.468
 0.473
 0.473
 0.473
 0.473
 0.472
 0.472
 0.472
 0.47
 0.47
 0.472
 0.472
 0.472
 0.472
 0.471
 0.47
 0.466
 0.466
 0.47
 0.467
 0.473
 0.473
 0.473
 0.472
 0.472
 0.468
 0.468
 0.468
 0.472
 0.472
 0.474
 0.477
 0.474
 0.477
 0.474
 0.476
 0.476
 0.476
 0.474
 0.474
 0.472
 0.472
 0.472
 0.472
 0.473
 0.474
 0.477
 0.479
 0.479
 0.48
 0.48
 0.483
 0.48
 0.48
 0.483
 0.483
 0.483
 0.483
 0.485
 0.486
 0.483
 0.483
 0.485
 0.483
 0.481
 0.481
 0.485
 0.485
 0.489
 0.489
 0.49
 0.492
 0.495
 0.495
 0.495
 0.493
 0.493
 0.493
 0.494
 0.497
 0.497
 0.499
 0.499
 0.5
 0.499
 0.505
 0.505
 0.504
 0.504
 0.506
 0.513
 0.513
 0.513
 0.513
 0.506
 0.506
 0.512
 0.507
 0.51
 0.511
 0.511
 0.51
 0.511
 0.512
 0.514
 0.515
 0.525
 0.525
 0.525
 0.521
 0.521
 0.521
 0.521
 0.523
 0.528
 0.528
 0.535
 0.535
 0.535
 0.54
 0.54
 0.542
 0.542
 0.542
 0.54
 0.542
 0.54
 0.54
 0.543
 0.543
 0.551
 0.553
 0.553
 0.553
 0.555
 0.553
 0.553
 0.56
 0.56
 0.56
 0.563
 0.564
 0.567
 0.567
 0.57
 0.574
 0.577
 0.583
 0.585
 0.59
 0.592
 0.591
 0.594
 0.596
 0.594
 0.594
 0.596
 0.596
 0.596
 0.596
 0.601
 0.598
 0.605
 0.607
 0.607
 0.607
 0.613
 0.615
 0.615
 0.618
 0.623
 0.629
 0.629
 0.633
 0.638
 0.639
 0.646
 0.652
 0.653
 0.653
 0.654
 0.657
 0.658
 0.665
 0.666
 0.668
 0.671
 0.675
 0.68
 0.684
 0.684
 0.687
 0.694
 0.694
 0.699
 0.707
 0.709
 0.711
 0.714
 0.718
 0.722
 0.722
 0.729
 0.73
 0.737
 0.741
 0.745
 0.746
 0.752
 0.752
 0.752
 0.754
 0.755
 0.769
 0.769
 0.769
 0.769
 0.769
 0.762
 0.761
 0.76
 0.76
 0.76
 0.756
 0.755
 0.75
 0.749
 0.749
 0.744
 0.738
 0.739
 0.737
 0.736
 0.735
 0.731
 0.73
 0.727
 0.727
 0.725
 0.723
 0.722
 0.72
 0.718
 0.718
 0.717
 0.717
 0.717
 0.706
 0.706
 0.702
 0.7
 0.7
 0.701
 0.698
 0.698
 0.697
 0.69
 0.69
 0.69
 0.691
 0.691
 0.691
 0.687
 0.683
 0.683
 0.674
 0.678
 0.678
 0.675
 0.675
 0.675
 0.675
 0.675
 0.675
 0.671
 0.671
 0.671
 0.671
 0.67
 0.665
 0.663
 0.663
 0.665
 0.661
 0.661
 0.661
 0.661
 0.659
 0.654
 0.653
 0.652
 0.652
 0.653
 0.653
 0.653
 0.653
 0.651
 0.644
 0.642
 0.637
 0.637
 0.639
 0.639
 0.64
 0.64
 0.639
 0.64
 0.637
 0.635
 0.629
 0.628
 0.628
 0.629
 0.63
 0.63
 0.63
 0.632
 0.627
 0.621
 0.62
 0.621
 0.621
 0.62
 0.62
 0.621
 0.621
 0.62
 0.62
 0.62
 0.62
 0.619
 0.618
 0.618
 0.619
 0.619
 0.62
 0.622
 0.622
 0.622
 0.622
 0.621
 0.621
 0.621
 0.621
 0.613
 0.613
 0.612
 0.612
 0.612
 0.612
 0.618
 0.618
 0.618
 0.618
 0.615
 0.615
 0.614
 0.614
 0.615
 0.611
 0.611
 0.61
 0.615
 0.615
 0.615
 0.615
 0.616
 0.616
 0.614
 0.611
 0.611
 0.611
 0.619
 0.621
 0.621
 0.621
 0.623
 0.623
 0.621
 0.626
 0.626
 0.623
 0.626
 0.627
 0.627
 0.623
 0.624
 0.623
 0.622
 0.622
 0.623
 0.622
 0.618
 0.618
 0.625
 0.621
 0.623
 0.623
 0.623
 0.623
 0.624
 0.626
 0.626
 0.625
 0.625
 0.63
 0.625
 0.63
 0.633
 0.63
 0.633
 0.634
 0.636
 0.636
 0.639
 0.641
 0.641
 0.643
 0.643
 0.643
 0.646
 0.646
 0.647
 0.649
 0.651
 0.647
 0.651
 0.652
 0.652
 0.653
 0.654
 0.661
 0.661
 0.661
 0.661
 0.661
 0.661
 0.661
 0.66
 0.66
 0.66
 0.66
 0.663
 0.663
 0.665
 0.666
 0.672
 0.674
 0.675
 0.675
 0.677
 0.677
 0.674
 0.674
 0.677
 0.677
 0.678
 0.684
 0.687
 0.687
 0.687
 0.689
 0.693
 0.694
 0.694
 0.694
 0.694
 0.694
 0.694
 0.702
 0.702
 0.699
 0.699
 0.699
 0.699
 0.707
 0.707
 0.711
 0.712
 0.721
 0.718
 0.718
 0.719
 0.719
 0.719
 0.721
 0.724
 0.728
 0.724
 0.726
 0.726
 0.726
 0.726
 0.736
 0.74
 0.745
 0.745
 0.746
 0.746
 0.752
 0.756
 0.762
 0.762
 0.762
 0.763
 0.765
 0.772
 0.773
 0.776
 0.776
 0.78
 0.776
 0.776
 0.786
 0.797
 0.797
 0.797
 0.801
 0.802
 0.804
 0.808
 0.81
 0.813
 0.814
 0.815
 0.818
 0.822
 0.823
 0.823
 0.831
 0.835
 0.835
 0.835
 0.836
 0.838
 0.847
 0.853
 0.857
 0.859
 0.859
 0.859
 0.864
 0.87
 0.873
 0.881
 0.885
 0.886
 0.887
 0.893
 0.898
 0.901
 0.905
 0.91
 0.916
 0.917
 0.921
 0.926
 0.932
 0.933
 0.942
 0.946
 0.949
 0.956
 0.957
 0.962
 0.964
 0.971
 0.974
 0.986
 0.988
 0.989
 1
 1.001
 1.002
 1.018
 1.023
 1.024
 1.038
 1.039
 1.044
 1.052
 1.058
 1.061
 1.062
 1.085
 1.088
 1.094
 1.099
 1.112
 1.115
 1.121
 1.123
 1.13
 1.142
 1.147
 1.15
 1.153
 1.169
 1.171
 1.189
 1.2
 1.206
 1.209
 1.235
 1.236
 1.242
 1.247
 1.26
 1.271
 1.282
 1.295
 1.297
 1.305
 1.318
 1.348
 1.35
 1.364
 1.367
 1.384
 1.39
 1.407
 1.42
 1.426
 1.452
 1.46
 1.477
 1.484
 1.496
 1.511
 1.528
 1.539
 1.565
 1.576
 1.582
 1.605
 1.623
 1.64
 1.662
 1.684
 1.707
 1.724
 1.746
 1.764
 1.774
 1.808
 1.834
 1.867
 1.875
 1.875
 1.875
 1.841
 0.651
 0.501
 0.489
 0.484
 0.484
 0.484
 0.484
 0.484
 0.483
 0.483
 0.48
 0.48
 0.479
 0.479
 0.475
 0.479
 0.469
 0.469
 0.468
 0.469
 0.469
 0.468
 0.471
 0.471
 0.468
 0.467
 0.464
 0.464
 0.464
 0.463
 0.463
 0.466
 0.466
 0.464
 0.468
 0.464
 0.459
 0.464
 0.459
 0.459
 0.458
 0.458
 0.457
 0.457
 0.457
 0.461
 0.464
 0.464
 0.461
 0.464
 0.464
 0.464
 0.464
 0.464
 0.467
 0.467
 0.467
 0.467
 0.466
 0.466
 0.466
 0.465
 0.467
 0.467
 0.466
 0.465
 0.466
 0.466
 0.466
 0.466
 0.466
 0.466
 0.466
 0.466
 0.466
 0.462
 0.462
 0.464
 0.464
 0.464
 0.467
 0.469
 0.469
 0.466
 0.466
 0.466
 0.465
 0.465
 0.465
 0.467
 0.465
 0.466
 0.466
 0.466
 0.466
 0.468
 0.468
 0.468
 0.463
 0.463
 0.463
 0.463
 0.47
 0.47
 0.47
 0.469
 0.469
 0.467
 0.469
 0.466
 0.471
 0.469
 0.469
 0.469
 0.469
 0.469
 0.471
 0.477
 0.477
 0.477
 0.476
 0.476
 0.473
 0.474
 0.476
 0.476
 0.476
 0.477
 0.477
 0.478
 0.478
 0.479
 0.479
 0.483
 0.483
 0.483
 0.479
 0.484
 0.479
 0.479
 0.484
 0.484
 0.481
 0.486
 0.481
 0.48
 0.481
 0.486
 0.486
 0.486
 0.492
 0.492
 0.493
 0.495
 0.498
 0.493
 0.493
 0.498
 0.498
 0.498
 0.498
 0.499
 0.501
 0.499
 0.498
 0.495
 0.495
 0.495
 0.501
 0.501
 0.504
 0.504
 0.499
 0.499
 0.509
 0.513
 0.513
 0.513
 0.511
 0.511
 0.511
 0.514
 0.514
 0.522
 0.523
 0.523
 0.525
 0.528
 0.528
 0.528
 0.528
 0.528
 0.527
 0.527
 0.535
 0.535
 0.535
 0.536
 0.537
 0.539
 0.549
 0.549
 0.549
 0.555
 0.555
 0.555
 0.555
 0.556
 0.558
 0.558
 0.558
 0.558
 0.558
 0.559
 0.562
 0.572
 0.573
 0.573
 0.573
 0.574
 0.581
 0.583
 0.583
 0.583
 0.583
 0.583
 0.583
 0.589
 0.589
 0.589
 0.589
 0.592
 0.592
 0.601
 0.601
 0.605
 0.607
 0.611
 0.611
 0.613
 0.613
 0.613
 0.616
 0.622
 0.626
 0.626
 0.628
 0.629
 0.632
 0.635
 0.636
 0.643
 0.643
