0.715
0.718
0.725
0.728
0.732
0.732
0.735
0.735
0.745
0.746
0.756
0.758
0.76
0.763
0.763
0.767
0.77
0.772
0.776
0.783
0.793
0.794
0.795
0.8
0.807
0.809
0.81
0.82
0.825
0.827
0.832
0.837
0.846
0.847
0.863
0.863
0.867
0.872
0.876
0.879
0.885
0.891
0.899
0.908
0.911
0.919
0.921
0.926
0.938
0.948
0.951
0.953
0.953
0.975
0.976
0.976
0.976
0.975
0.973
0.971
0.969
0.966
0.961
0.959
0.961
0.959
0.958
0.951
0.949
0.945
0.945
0.945
0.946
0.946
0.946
0.941
0.939
0.939
0.939
0.939
0.934
0.926
0.926
0.923
0.92
0.923
0.923
0.92
0.914
0.914
0.914
0.914
0.912
0.912
0.906
0.906
0.906
0.906
0.906
0.901
0.901
0.9
0.9
0.9
0.897
0.897
0.895
0.895
0.894
0.892
0.892
0.887
0.885
0.885
0.881
0.881
0.878
0.873
0.873
0.876
0.876
0.876
0.876
0.876
0.874
0.874
0.874
0.874
0.874
0.871
0.869
0.868
0.868
0.868
0.865
0.865
0.865
0.865
0.864
0.864
0.86
0.856
0.856
0.856
0.856
0.854
0.837
0.833
0.829
0.721
0.486
0.42
0.399
0.375
0.364
0.364
0.362
0.364
0.364
0.364
0.364
0.364
0.359
0.359
0.358
0.358
0.359
0.355
0.358
0.359
0.359
0.359
0.364
0.364
0.364
0.364
0.363
0.363
0.363
0.359
0.363
0.361
0.361
0.361
0.361
0.359
0.359
0.359
0.362
0.362
0.362
0.359
0.356
0.356
0.356
0.359
0.36
0.362
0.362
0.362
0.362
0.361
0.361
0.364
0.364
0.364
0.364
0.36
0.36
0.36
0.36
0.365
0.366
0.368
0.369
0.369
0.369
0.369
0.369
0.369
0.369
0.369
0.368
0.368
0.368
0.373
0.376
0.376
0.376
0.366
0.366
0.366
0.368
0.368
0.372
0.372
0.373
0.373
0.373
0.375
0.373
0.375
0.376
0.377
0.379
0.38
0.38
0.38
0.38
0.379
0.379
0.377
0.377
0.377
0.383
0.383
0.387
0.388
0.388
0.388
0.388
0.388
0.388
0.39
0.391
0.391
0.393
0.394
0.394
0.394
0.393
0.394
0.398
0.398
0.395
0.398
0.398
0.398
0.403
0.403
0.4
0.4
0.404
0.404
0.406
0.406
0.407
0.406
0.402
0.402
0.406
0.406
0.412
0.412
0.412
0.414
0.416
0.416
0.417
0.417
0.418
0.419
0.419
0.419
0.425
0.427
0.431
0.427
0.433
0.435
0.433
0.433
0.434
0.434
0.434
0.435
0.435
0.435
0.436
0.442
0.445
0.448
0.448
0.453
0.452
0.453
0.453
0.46
0.46
0.47
0.47
0.47
0.47
0.47
0.471
0.471
0.473
0.48
0.48
0.48
0.48
0.481
0.481
0.485
0.487
0.486
0.489
0.492
0.489
0.495
0.499
0.499
0.501
0.504
0.506
0.511
0.513
0.514
0.514
0.515
0.516
0.517
0.519
0.527
0.529
0.531
0.532
0.537
0.543
0.542
0.543
0.546
0.548
0.555
0.559
0.559
0.56
0.567
0.567
0.571
0.572
0.573
0.578
0.578
0.58
0.585
0.587
0.596
0.596
0.603
0.606
0.612
0.62
0.621
0.622
0.628
0.629
0.63
0.633
0.639
0.644
0.644
0.647
0.644
0.644
0.639
0.635
0.632
0.628
0.623
0.623
0.623
0.623
0.624
0.624
0.624
0.621
0.616
0.613
0.611
0.611
0.61
0.61
0.605
0.604
0.604
0.597
0.596
0.596
0.596
0.598
0.599
0.599
0.598
0.592
0.587
0.585
0.584
0.584
0.581
0.581
0.581
0.58
0.58
0.58
0.58
0.58
0.578
0.578
0.576
0.57
0.57
0.574
0.57
0.574
0.574
0.57
0.569
0.567
0.565
0.565
0.565
0.564
0.564
0.564
0.562
0.561
0.558
0.558
0.558
0.558
0.556
0.556
0.551
0.546
0.544
0.544
0.544
0.544
0.544
0.545
0.544
0.544
0.543
0.543
0.539
0.539
0.539
0.538
0.538
0.538
0.533
0.532
0.531
0.531
0.532
0.53
0.53
0.53
0.53
0.53
0.53
0.532
0.532
0.527
0.525
0.525
0.525
0.528
0.528
0.528
0.526
0.523
0.522
0.522
0.522
0.522
0.521
0.522
0.522
0.521
0.522
0.522
0.522
0.525
0.525
0.523
0.525
0.523
0.523
0.523
0.517
0.517
0.522
0.516
0.522
0.522
0.516
0.516
0.516
0.516
0.516
0.517
0.516
0.518
0.52
0.52
0.518
0.523
0.523
0.526
0.526
0.526
0.52
0.515
0.515
0.52
0.525
0.525
0.525
0.525
0.534
0.521
0.521
0.524
0.521
0.521
0.521
0.524
0.516
0.519
0.519
0.524
0.524
0.525
0.525
0.525
0.528
0.531
0.531
0.531
0.531
0.528
0.528
0.532
0.532
0.537
0.537
0.538
0.538
0.538
0.538
0.538
0.536
0.536
0.535
0.535
0.536
0.54
0.54
0.54
0.545
0.543
0.542
0.542
0.543
0.543
0.543
0.543
0.545
0.545
0.544
0.544
0.544
0.544
0.554
0.555
0.563
0.563
0.559
0.555
0.559
0.559
0.559
0.561
0.562
0.562
0.562
0.562
0.564
0.564
0.565
0.569
0.57
0.571
0.573
0.573
0.573
0.573
0.573
0.576
0.579
0.582
0.582
0.582
0.582
0.588
0.588
0.588
0.589
0.589
0.588
0.591
0.592
0.591
0.591
0.597
0.601
0.601
0.601
0.601
0.602
0.605
0.608
0.608
0.608
0.611
0.613
0.613
0.613
0.616
0.622
0.626
0.628
0.628
0.627
0.627
0.628
0.631
0.631
0.631
0.631
0.628
0.628
0.616
0.615
0.613
0.608
0.607
0.598
0.594
0.594
0.593
0.59
0.578
0.578
0.578
0.578
0.573
0.566
0.566
0.565
0.561
0.561
0.558
0.554
0.553
0.552
0.551
0.541
0.538
0.537
0.537
0.536
0.536
0.536
0.533
0.527
0.527
0.52
0.518
0.516
0.509
0.512
0.512
0.507
0.506
0.506
0.505
0.503
0.503
0.501
0.497
0.496
0.493
0.492
0.492
0.486
0.486
0.481
0.481
0.481
0.48
0.48
0.478
0.471
0.471
0.47
0.469
0.468
0.468
0.465
0.465
0.464
0.457
0.455
0.455
0.455
0.455
0.455
0.454
0.452
0.451
0.448
0.447
0.446
0.447
0.446
0.445
0.436
0.435
0.435
0.435
0.43
0.435
0.435
0.434
0.429
0.429
0.426
0.425
0.425
0.426
0.426
0.427
0.427
0.427
0.418
0.417
0.417
0.417
0.417
0.417
0.417
0.417
0.408
0.416
0.411
0.411
0.414
0.414
0.411
0.414
0.41
0.409
0.404
0.402
0.402
0.404
0.408
0.408
0.408
0.407
0.402
0.397
0.402
0.395
0.395
0.395
0.399
0.395
0.395
0.392
0.389
0.389
0.388
0.389
0.391
0.391
0.388
0.387
0.387
0.382
0.378
0.385
0.385
0.385
0.385
0.388
0.389
0.389
0.387
0.387
0.386
0.385
0.385
0.385
0.382
0.381
0.381
0.378
0.378
0.376
0.376
0.376
0.376
0.376
0.375
0.375
0.375
0.377
0.377
0.381
0.381
0.377
0.372
0.372
0.372
0.373
0.376
0.376
0.373
0.371
0.371
0.371
0.372
0.373
0.373
0.374
0.374
0.373
0.371
0.371
0.371
0.371
0.372
0.377
0.372
0.372
0.372
0.377
0.372
0.38
0.38
0.382
0.376
0.376
0.376
0.376
0.376
0.377
0.377
0.379
0.379
0.377
0.377
0.377
0.374
0.374
0.375
0.375
0.378
0.378
0.378
0.374
0.374
0.374
0.379
0.379
0.379
0.379
0.376
0.374
0.374
0.379
0.377
0.377
0.377
0.377
0.377
0.377
0.379
0.38
0.379
0.379
0.378
0.378
0.378
0.377
0.381
0.383
0.385
0.383
0.385
0.385
0.384
0.381
0.381
0.381
0.381
0.381
0.383
0.384
0.384
0.385
0.385
0.385
0.386
0.387
0.386
0.387
0.387
0.387
0.387
0.388
0.388
0.388
0.391
0.391
0.391
0.396
0.396
0.39
0.39
0.39
0.39
0.398
0.398
0.399
0.399
0.398
0.396
0.399
0.401
0.404
0.405
0.405
0.404
0.404
0.405
0.409
0.409
0.409
0.409
0.407
0.406
0.407
0.41
0.41
0.413
0.417
0.422
0.417
0.42
0.429
0.42
0.42
0.42
0.42
0.416
0.418
0.418
0.42
0.428
0.428
0.428
0.428
0.428
0.428
0.428
0.432
0.432
0.436
0.432
0.432
0.435
0.437
0.44
0.44
0.439
0.44
0.441
0.441
0.442
0.453
0.453
0.454
0.456
0.454
0.458
0.458
0.458
0.461
0.462
0.463
0.463
0.463
0.464
0.473
0.474
0.474
0.477
0.478
0.478
0.481
0.483
0.483
0.486
0.486
0.49
0.49
0.49
0.49
0.49
0.498
0.499
0.504
0.504
0.506
0.509
0.509
0.51
0.511
0.511
0.511
0.511
0.511
0.516
0.52
0.52
