1.64
1.64
1.64
1.633
1.617
1.608
1.607
1.606
1.606
1.604
1.583
1.58
1.569
1.562
1.555
1.551
1.545
1.534
1.521
1.518
1.516
1.505
1.504
1.499
1.487
1.486
1.473
1.472
1.467
1.452
1.449
1.448
1.447
1.435
1.434
1.434
1.424
1.422
1.42
1.415
1.406
1.395
1.393
1.391
1.388
1.383
1.382
1.37
1.369
1.366
1.36
1.359
1.358
1.358
1.352
1.344
1.343
1.335
1.332
1.327
1.322
1.319
1.319
1.316
1.313
1.311
1.309
1.299
1.298
1.29
1.29
1.28
1.272
1.272
1.272
1.274
1.274
1.274
1.272
1.26
1.146
1.119
1.094
1.094
1.094
1.094
1.002
0.309
0.276
0.266
0.265
0.26
0.26
0.253
0.26
0.257
0.257
0.257
0.259
0.259
0.259
0.262
0.265
0.265
0.265
0.265
0.269
0.265
0.269
0.269
0.277
0.283
0.298
0.305
0.308
0.317
0.318
0.32
0.322
0.323
0.333
0.338
0.348
0.349
0.357
0.357
0.357
0.368
0.368
0.371
0.379
0.394
0.401
0.403
0.413
0.424
0.426
0.441
0.444
0.46
0.472
0.481
0.483
0.495
0.507
0.518
0.537
0.57
0.573
0.594
0.599
0.608
0.645
0.672
0.694
0.706
0.74
0.783
0.798
0.798
0.809
0.809
0.808
0.806
0.806
0.806
0.804
0.804
0.804
0.809
0.808
0.808
0.808
0.806
0.806
0.802
0.804
0.802
0.801
0.8
0.8
0.8
0.8
0.798
0.798
0.8
0.8
0.8
0.804
0.804
0.804
0.798
0.803
0.802
0.803
0.803
0.804
0.804
0.808
0.808
0.809
0.808
0.809
0.808
0.808
0.808
0.809
0.808
0.811
0.811
0.81
0.808
0.808
0.808
0.808
0.808
0.81
0.811
0.811
0.811
0.822
0.82
0.82
0.813
0.813
0.813
0.813
0.813
0.812
0.814
0.812
0.812
0.814
0.82
0.825
0.825
0.825
0.826
0.825
0.828
0.834
0.834
0.827
0.834
0.827
0.823
0.823
0.834
0.836
0.836
0.838
0.838
0.845
0.847
0.847
0.845
0.841
0.841
0.841
0.842
0.851
0.854
0.854
0.854
0.854
0.85
0.849
0.849
0.849
0.85
0.856
0.86
0.864
0.864
0.864
0.868
0.868
0.868
0.869
0.872
0.878
0.878
0.879
0.88
0.88
0.881
0.883
0.888
0.889
0.889
0.889
0.889
0.893
0.893
0.895
0.896
0.901
0.909
0.909
0.909
0.909
0.909
0.914
0.915
0.918
0.919
0.925
0.926
0.928
0.933
0.935
0.935
0.935
0.938
0.941
0.945
0.95
0.95
0.95
0.954
0.959
0.965
0.966
0.973
0.973
0.975
0.975
0.98
0.984
0.985
0.985
0.985
0.989
0.992
1.003
1.004
1.005
1.005
1.005
1.005
1.005
0.997
0.994
0.99
0.989
0.98
0.971
0.962
0.96
0.958
0.956
0.954
0.95
0.939
0.937
0.932
0.93
0.928
0.922
0.922
0.91
0.909
0.904
0.904
0.898
0.894
0.893
0.891
0.882
0.878
0.873
0.872
0.872
0.867
0.862
0.859
0.853
0.853
0.853
0.846
0.846
0.843
0.84
0.834
0.831
0.827
0.827
0.82
0.82
0.817
0.815
0.813
0.81
0.808
0.803
0.802
0.801
0.79
0.79
0.788
0.788
0.788
0.785
0.784
0.782
0.775
0.774
0.772
0.77
0.77
0.767
0.767
0.763
0.763
0.763
0.752
0.751
0.749
0.679
0.65
0.65
0.647
0.644
0.645
0.645
0.645
0.677
0.73
0.73
0.73
0.73
0.73
0.725
0.724
0.724
0.719
0.693
0.517
0.48
0.435
0.431
0.424
0.423
0.422
0.42
0.419
0.417
0.416
0.409
0.408
0.409
0.41
0.408
0.408
0.408
0.407
0.406
0.406
0.406
0.404
0.404
0.404
0.397
0.397
0.397
0.399
0.4
0.4
0.4
0.403
0.402
0.402
0.402
0.401
0.401
0.401
0.401
0.403
0.404
0.404
0.404
0.408
0.408
0.409
0.409
0.411
0.414
0.415
0.415
0.415
0.42
0.42
0.422
0.425
0.44
0.5
0.618
0.639
0.639
0.639
0.64
0.645
0.645
0.645
0.645
0.645
0.642
0.644
0.644
0.642
0.637
0.635
0.635
0.635
0.638
0.638
0.638
0.631
0.631
0.631
0.632
0.633
0.633
0.639
0.639
0.638
0.636
0.636
0.63
0.628
0.625
0.623
0.623
0.625
0.623
0.623
0.628
0.628
0.628
0.628
0.628
0.63
0.63
0.622
0.63
0.63
0.629
0.629
0.629
0.629
0.629
0.635
0.635
0.636
0.636
0.638
0.636
0.636
0.638
0.638
0.633
0.638
0.639
0.638
0.639
0.639
0.639
0.64
0.64
0.64
0.64
0.637
0.637
0.634
0.634
0.636
0.636
0.635
0.636
0.635
0.635
0.637
0.638
0.637
0.651
0.651
0.652
0.65
0.652
0.651
0.651
0.651
0.652
0.653
0.657
0.66
0.663
0.663
0.663
0.663
0.664
0.665
0.665
0.664
0.663
0.663
0.663
0.664
0.667
0.667
0.666
0.666
0.666
0.666
0.673
0.676
0.678
0.68
0.683
0.686
0.686
0.687
0.687
0.686
0.685
0.683
0.681
0.674
0.653
0.643
0.637
0.62
0.618
0.617
0.612
0.609
0.598
0.595
0.586
0.584
0.581
0.581
0.563
0.563
0.559
0.549
0.543
0.537
0.531
0.526
0.523
0.523
0.517
0.517
0.514
0.512
0.504
0.499
0.498
0.498
0.494
0.493
0.485
0.476
0.474
0.472
0.468
0.467
0.463
0.456
0.456
0.451
0.447
0.447
0.445
0.434
0.434
0.434
0.428
0.429
0.429
0.426
0.422
0.422
0.422
0.422
0.411
0.404
0.404
0.401
0.401
0.401
0.401
0.397
0.391
0.391
0.39
0.39
0.378
0.376
0.375
0.375
0.374
0.373
0.373
0.373
0.372
0.371
0.355
0.355
0.355
0.355
0.355
0.348
0.348
0.348
0.348
0.348
0.348
0.345
0.345
0.341
0.341
0.341
0.338
0.338
0.334
0.331
0.328
0.325
0.328
0.327
0.325
0.327
0.327
0.322
0.313
0.313
0.313
0.313
0.312
0.312
0.312
0.309
0.309
0.309
0.309
0.308
0.303
0.303
0.303
0.303
0.303
0.303
0.298
0.298
0.298
0.291
0.291
0.289
0.289
0.289
0.289
0.288
0.287
0.283
0.283
0.283
0.283
0.283
0.283
0.28
0.28
0.28
0.28
0.28
0.28
0.278
0.278
0.278
0.28
0.28
0.28
0.275
0.275
0.275
0.275
0.273
0.272
0.27
0.269
0.269
0.27
0.27
0.271
0.271
0.276
0.271
0.271
0.27
0.272
0.27
0.27
0.266
0.262
0.258
0.258
0.261
0.262
0.261
0.261
0.262
0.263
0.261
0.261
0.261
0.259
0.258
0.259
0.259
0.259
0.26
0.26
0.258
0.257
0.257
0.256
0.256
0.256
0.254
0.254
0.252
0.249
0.249
0.252
0.249
0.251
0.251
0.251
0.251
0.255
0.256
0.256
0.256
0.252
0.252
0.252
0.252
0.248
0.249
0.247
0.247
0.243
0.245
0.245
0.247
0.247
0.248
0.248
0.248
0.248
0.25
0.252
0.253
0.253
0.252
0.247
0.247
0.247
0.247
0.245
0.249
0.245
0.245
0.248
0.248
0.248
0.248
0.248
0.243
0.243
0.244
0.252
0.249
0.249
0.249
0.248
0.246
0.246
0.248
0.248
0.246
0.24
0.24
0.24
0.243
0.243
0.243
0.243
0.243
0.241
0.24
0.24
0.241
0.244
0.246
0.246
0.245
0.245
0.245
0.242
0.242
0.242
0.24
0.24
0.241
0.241
0.241
0.241
0.241
0.242
0.242
0.243
0.244
0.244
0.244
0.244
0.247
0.247
0.247
0.247
0.245
0.245
0.245
0.247
0.248
0.25
0.25
0.248
0.245
0.245
0.245
0.246
0.248
0.248
0.248
0.25
0.248
0.248
0.247
0.247
0.247
0.247
0.25
0.25
0.251
0.251
0.251
0.251
0.251
0.254
0.255
0.255
0.254
0.254
0.254
0.254
0.255
0.259
0.259
0.259
0.259
0.259
0.259
0.256
0.256
0.257
0.257
0.257
0.257
0.257
0.264
0.264
0.264
0.264
0.264
0.264
0.274
0.274
0.274
0.269
0.269
0.269
0.269
0.269
0.264
0.264
0.264
0.267
0.267
0.267
0.266
0.26
0.26
0.26
0.264
0.265
0.265
0.264
0.27
0.269
0.269
0.27
0.272
0.272
0.274
0.278
0.278
0.278
0.278
0.278
0.278
0.28
0.282
0.287
0.287
0.291
0.291
0.287
0.286
0.287
0.287
0.287
0.288
0.288
0.288
0.288
0.293
0.293
0.293
0.293
0.293
0.291
0.291
0.296
0.296
0.292
0.296
0.297
0.303
0.304
0.304
0.303
0.303
0.303
0.303
0.311
0.314
0.32
0.32
0.32
0.313
0.308
0.305
0.308
0.313
0.317
0.337
0.337
0.337
0.334
0.33
0.327
0.327
0.326
0.327
0.328
0.328
0.326
0.32
