0.376
0.376
0.378
0.378
0.383
0.383
0.385
0.387
0.385
0.382
0.382
0.382
0.382
0.388
0.388
0.388
0.387
0.387
0.387
0.391
0.393
0.393
0.391
0.391
0.396
0.396
0.396
0.396
0.394
0.394
0.394
0.394
0.401
0.401
0.401
0.401
0.401
0.401
0.403
0.403
0.41
0.406
0.41
0.411
0.417
0.417
0.417
0.412
0.412
0.412
0.415
0.418
0.419
0.42
0.421
0.423
0.423
0.423
0.423
0.423
0.423
0.423
0.426
0.432
0.426
0.432
0.433
0.436
0.436
0.437
0.438
0.438
0.439
0.44
0.441
0.446
0.446
0.447
0.446
0.447
0.447
0.45
0.449
0.45
0.455
0.453
0.455
0.455
0.455
0.455
0.46
0.464
0.462
0.475
0.475
0.475
0.475
0.479
0.479
0.479
0.479
0.482
0.483
0.491
0.492
0.492
0.491
0.495
0.495
0.499
0.5
0.506
0.506
0.506
0.507
0.508
0.508
0.509
0.513
0.518
0.521
0.521
0.521
0.521
0.521
0.529
0.54
0.545
0.545
0.545
0.548
0.552
0.552
0.555
0.56
0.564
0.564
0.564
0.566
0.568
0.568
0.573
0.579
0.583
0.587
0.59
0.597
0.602
0.603
0.611
0.616
0.616
0.617
0.621
0.621
0.624
0.636
0.638
0.638
0.639
0.638
0.637
0.634
0.634
0.629
0.629
0.629
0.627
0.626
0.618
0.614
0.613
0.613
0.612
0.611
0.611
0.611
0.611
0.609
0.606
0.606
0.601
0.601
0.601
0.601
0.6
0.599
0.596
0.596
0.596
0.596
0.59
0.588
0.582
0.582
0.582
0.581
0.582
0.582
0.581
0.581
0.577
0.577
0.577
0.577
0.577
0.577
0.572
0.571
0.568
0.566
0.564
0.565
0.563
0.563
0.563
0.562
0.561
0.555
0.555
0.555
0.553
0.552
0.552
0.551
0.552
0.551
0.552
0.551
0.55
0.55
0.55
0.547
0.547
0.545
0.543
0.543
0.545
0.543
0.542
0.543
0.544
0.542
0.542
0.537
0.537
0.537
0.536
0.538
0.538
0.536
0.532
0.53
0.53
0.53
0.532
0.532
0.532
0.53
0.53
0.53
0.533
0.533
0.533
0.533
0.533
0.532
0.529
0.53
0.529
0.529
0.53
0.53
0.53
0.532
0.534
0.534
0.534
0.534
0.533
0.533
0.531
0.531
0.533
0.529
0.527
0.529
0.529
0.529
0.528
0.528
0.528
0.528
0.528
0.528
0.528
0.529
0.528
0.528
0.526
0.526
0.526
0.523
0.525
0.525
0.526
0.526
0.526
0.527
0.529
0.53
0.533
0.533
0.53
0.53
0.53
0.53
0.53
0.531
0.534
0.534
0.53
0.529
0.526
0.526
0.526
0.528
0.525
0.528
0.525
0.525
0.525
0.531
0.531
0.531
0.533
0.533
0.533
0.53
0.533
0.536
0.536
0.536
0.539
0.539
0.536
0.54
0.536
0.536
0.54
0.541
0.54
0.54
0.541
0.541
0.54
0.54
0.537
0.537
0.537
0.539
0.544
0.544
0.543
0.544
0.543
0.543
0.544
0.546
0.552
0.552
0.552
0.555
0.557
0.558
0.559
0.559
0.563
0.562
0.563
0.563
0.563
0.562
0.557
0.556
0.556
0.556
0.557
0.559
0.562
0.568
0.568
0.572
0.572
0.572
0.579
0.576
0.575
0.575
0.576
0.576
0.586
0.586
0.586
0.584
0.583
0.583
0.584
0.589
0.591
0.593
0.595
0.595
0.601
0.595
0.595
0.599
0.599
0.599
0.599
0.599
0.604
0.607
0.607
0.61
0.611
0.613
0.614
0.614
0.616
0.614
0.616
0.617
0.616
0.628
0.628
0.629
0.629
0.629
0.636
0.636
0.636
0.636
0.636
0.636
0.636
0.641
0.641
0.646
0.646
0.649
0.655
0.655
0.66
0.66
0.66
0.66
0.66
0.66
0.66
0.662
0.662
0.662
0.663
0.675
0.675
0.675
0.677
0.677
0.677
0.682
0.687
0.688
0.695
0.695
0.698
0.703
0.703
0.707
0.706
0.707
0.708
0.709
0.711
0.715
0.722
0.722
0.727
0.729
0.734
0.734
0.737
0.744
0.75
0.752
0.752
0.758
0.763
0.767
0.776
0.78
0.789
0.791
0.794
0.797
0.801
0.802
0.815
0.815
0.818
0.819
0.836
0.839
0.841
0.841
0.845
0.857
0.863
0.863
0.866
0.87
0.877
0.877
0.883
0.886
0.902
0.906
0.907
0.916
0.927
0.933
0.934
0.94
0.942
0.964
0.97
0.971
0.971
0.97
0.966
0.961
0.961
0.963
0.956
0.952
0.952
0.951
0.951
0.951
0.947
0.947
0.947
0.943
0.937
0.937
0.93
0.931
0.927
0.931
0.929
0.929
0.927
0.927
0.922
0.922
0.922
0.92
0.918
0.915
0.906
0.906
0.902
0.901
0.897
0.895
0.895
0.895
0.889
0.889
0.889
0.89
0.891
0.892
0.891
0.891
0.891
0.887
0.887
0.887
0.887
0.887
0.881
0.881
0.881
0.881
0.883
0.883
0.883
0.879
0.879
0.878
0.875
0.875
0.874
0.873
0.872
0.872
0.872
0.864
0.864
0.863
0.861
0.861
0.864
0.859
0.864
0.864
0.864
0.859
0.861
0.861
0.861
0.859
0.861
0.859
0.858
0.856
0.845
0.836
0.787
0.696
0.497
0.391
0.373
0.373
0.373
0.373
0.373
0.373
0.372
0.37
0.372
0.372
0.369
0.373
0.376
0.376
0.376
0.377
0.377
0.373
0.382
0.374
0.372
0.37
0.37
0.368
0.368
0.369
0.369
0.374
0.374
0.374
0.374
0.373
0.373
0.371
0.372
0.372
0.372
0.371
0.372
0.372
0.371
0.374
0.375
0.376
0.375
0.375
0.376
0.375
0.375
0.37
0.373
0.373
0.374
0.373
0.373
0.37
0.368
0.367
0.368
0.368
0.383
0.383
0.383
0.368
0.368
0.368
0.367
0.368
0.372
0.374
0.375
0.376
0.375
0.375
0.375
0.378
0.378
0.385
0.389
0.389
0.389
0.385
0.384
0.384
0.384
0.385
0.385
0.385
0.385
0.386
0.386
0.386
0.386
0.386
0.386
0.387
0.389
0.389
0.385
0.389
0.389
0.389
0.395
0.395
0.396
0.396
0.395
0.392
0.392
0.392
0.395
0.401
0.401
0.4
0.401
0.4
0.4
0.401
0.404
0.405
0.405
0.408
0.404
0.405
0.405
0.405
0.405
0.414
0.414
0.415
0.418
0.418
0.419
0.421
0.423
0.423
0.423
0.421
0.421
0.421
0.423
0.423
0.424
0.423
0.423
0.426
0.426
0.426
0.428
0.432
0.432
0.434
0.434
0.435
0.435
0.441
0.441
0.442
0.447
0.447
0.447
0.447
0.444
0.444
0.444
0.45
0.45
0.452
0.452
0.454
0.461
0.462
0.461
0.462
0.462
0.465
0.465
0.469
0.475
0.476
0.477
0.484
0.484
0.484
0.484
0.484
0.488
0.49
0.491
0.493
0.493
0.493
0.496
0.503
0.503
0.503
0.506
0.506
0.505
0.506
0.507
0.509
0.518
0.527
0.527
0.521
0.521
0.527
0.527
0.532
0.533
0.534
0.536
0.536
0.537
0.538
0.547
0.549
0.556
0.562
0.564
0.567
0.567
0.568
0.572
0.574
0.575
0.585
0.586
0.586
0.586
0.594
0.6
0.605
0.605
0.607
0.607
0.608
0.615
0.616
0.628
0.63
0.636
0.636
0.637
0.647
0.647
0.647
0.644
0.642
0.637
0.637
0.634
0.634
0.633
0.635
0.635
0.635
0.632
0.632
0.627
0.627
0.625
0.621
0.62
0.617
0.617
0.617
0.614
0.614
0.606
0.606
0.606
0.606
0.606
0.604
0.602
0.6
0.597
0.597
0.597
0.597
0.596
0.596
0.6
0.6
0.596
0.594
0.594
0.594
0.594
0.594
0.591
0.588
0.585
0.585
0.581
0.579
0.579
0.579
0.579
0.579
0.569
0.568
0.567
0.567
0.567
0.568
0.568
0.572
0.572
0.568
0.562
0.56
0.56
0.558
0.558
0.558
0.558
0.554
0.551
0.551
0.551
0.551
0.553
0.553
0.551
0.551
0.551
0.551
0.553
0.553
0.552
0.552
0.551
0.548
0.548
0.546
0.542
0.542
0.542
0.544
0.544
0.545
0.545
0.544
0.542
0.545
0.542
0.541
0.54
0.54
0.539
0.533
0.537
0.532
0.533
0.533
0.537
0.533
0.534
0.534
0.533
0.531
0.533
0.531
0.533
0.536
0.536
0.533
0.535
0.535
0.534
0.535
0.535
0.536
0.536
0.537
0.539
0.539
0.532
0.536
0.534
0.534
0.534
0.534
0.531
0.531
0.525
0.525
0.525
0.526
0.526
0.526
0.526
0.526
0.527
0.531
0.531
0.531
0.533
0.533
0.531
0.534
0.535
0.534
0.535
0.536
0.54
0.536
0.542
0.543
0.543
0.537
0.538
0.537
0.537
0.538
0.538
0.54
0.54
0.534
0.532
0.532
0.532
0.533
0.533
0.533
0.533
0.534
0.535
0.535
0.537
0.541
0.545
0.545
0.546
0.545
0.542
0.542
0.542
0.54
0.539
0.538
0.538
0.539
0.538
