0.531
0.536
0.536
0.531
0.526
0.519
0.517
0.517
0.516
0.516
0.515
0.515
0.501
0.501
0.496
0.496
0.496
0.497
0.497
0.497
0.497
0.493
0.491
0.488
0.486
0.486
0.486
0.485
0.485
0.483
0.477
0.476
0.473
0.473
0.472
0.47
0.47
0.467
0.463
0.461
0.461
0.461
0.457
0.457
0.455
0.454
0.454
0.447
0.447
0.447
0.447
0.439
0.439
0.436
0.436
0.436
0.437
0.437
0.437
0.433
0.431
0.431
0.431
0.432
0.431
0.431
0.429
0.427
0.423
0.42
0.42
0.419
0.416
0.416
0.417
0.417
0.417
0.418
0.418
0.407
0.407
0.407
0.407
0.408
0.41
0.412
0.412
0.412
0.408
0.407
0.407
0.407
0.407
0.403
0.402
0.402
0.398
0.398
0.402
0.402
0.399
0.402
0.402
0.402
0.399
0.395
0.393
0.392
0.392
0.393
0.391
0.391
0.389
0.389
0.389
0.394
0.394
0.396
0.396
0.391
0.391
0.389
0.387
0.387
0.387
0.383
0.383
0.383
0.381
0.381
0.381
0.381
0.382
0.382
0.386
0.386
0.386
0.38
0.377
0.376
0.376
0.378
0.378
0.378
0.378
0.379
0.378
0.374
0.374
0.376
0.376
0.379
0.379
0.376
0.376
0.375
0.372
0.375
0.372
0.372
0.372
0.37
0.368
0.368
0.368
0.364
0.372
0.373
0.372
0.372
0.372
0.364
0.364
0.372
0.372
0.372
0.372
0.372
0.372
0.372
0.372
0.372
0.373
0.376
0.376
0.376
0.376
0.376
0.379
0.381
0.384
0.382
0.382
0.382
0.374
0.371
0.369
0.369
0.369
0.369
0.37
0.372
0.376
0.372
0.376
0.376
0.372
0.369
0.369
0.368
0.368
0.368
0.368
0.368
0.368
0.368
0.367
0.367
0.371
0.373
0.374
0.374
0.376
0.376
0.371
0.371
0.373
0.373
0.376
0.378
0.378
0.378
0.378
0.378
0.379
0.379
0.379
0.38
0.385
0.385
0.385
0.386
0.385
0.38
0.38
0.38
0.377
0.377
0.378
0.383
0.383
0.385
0.391
0.39
0.392
0.39
0.39
0.388
0.386
0.386
0.386
0.391
0.391
0.394
0.391
0.391
0.393
0.39
0.39
0.388
0.388
0.388
0.392
0.392
0.397
0.397
0.403
0.403
0.398
0.398
0.402
0.402
0.404
0.404
0.404
0.404
0.404
0.404
0.408
0.409
0.41
0.411
0.413
0.413
0.415
0.415
0.414
0.414
0.416
0.416
0.416
0.418
0.42
0.424
0.424
0.425
0.428
0.426
0.429
0.429
0.435
0.429
0.429
0.431
0.431
0.431
0.434
0.434
0.434
0.435
0.438
0.443
0.445
0.445
0.445
0.445
0.445
0.445
0.449
0.46
0.46
0.46
0.455
0.455
0.455
0.463
0.466
0.468
0.468
0.474
0.474
0.474
0.477
0.48
0.479
0.48
0.48
0.481
0.485
0.487
0.488
0.491
0.491
0.494
0.495
0.503
0.503
0.504
0.504
0.507
0.508
0.51
0.51
0.513
0.516
0.52
0.52
0.521
0.521
0.524
0.525
0.528
0.528
0.538
0.538
0.539
0.539
0.541
0.545
0.546
0.551
0.557
0.557
0.56
0.557
0.559
0.57
0.57
0.572
0.576
0.579
0.581
0.583
0.588
0.591
0.591
0.591
0.603
0.606
0.608
0.609
0.613
0.614
0.619
0.62
0.636
0.637
0.639
0.641
0.641
0.641
0.628
0.624
0.622
0.622
0.621
0.621
0.621
0.621
0.621
0.62
0.615
0.613
0.612
0.612
0.613
0.612
0.615
0.615
0.61
0.609
0.609
0.609
0.608
0.601
0.601
0.598
0.598
0.598
0.598
0.594
0.589
0.589
0.589
0.59
0.59
0.59
0.582
0.58
0.58
0.58
0.577
0.572
0.572
0.572
0.575
0.575
0.575
0.561
0.561
0.561
0.561
0.563
0.566
0.566
0.563
0.563
0.562
0.559
0.559
0.559
0.559
0.557
0.557
0.555
0.555
0.555
0.555
0.555
0.552
0.555
0.552
0.548
0.552
0.548
0.545
0.542
0.541
0.541
0.541
0.538
0.537
0.538
0.537
0.534
0.527
0.527
0.527
0.531
0.533
0.534
0.534
0.535
0.534
0.532
0.532
0.532
0.532
0.532
0.533
0.533
0.533
0.529
0.533
0.529
0.529
0.525
0.529
0.523
0.523
0.532
0.532
0.529
0.529
0.529
0.527
0.526
0.522
0.526
0.526
0.522
0.524
0.524
0.518
0.518
0.523
0.52
0.52
0.52
0.52
0.52
0.52
0.521
0.528
0.528
0.521
0.518
0.518
0.518
0.525
0.526
0.527
0.527
0.527
0.527
0.528
0.527
0.525
0.527
0.525
0.525
0.525
0.525
0.525
0.525
0.526
0.526
0.526
0.526
0.525
0.525
0.525
0.521
0.525
0.521
0.521
0.52
0.521
0.521
0.527
0.527
0.527
0.528
0.528
0.526
0.526
0.526
0.525
0.525
0.525
0.529
0.529
0.53
0.529
0.529
0.529
0.533
0.535
0.537
0.538
0.537
0.535
0.537
0.534
0.534
0.536
0.539
0.536
0.539
0.539
0.539
0.539
0.539
0.536
0.535
0.534
0.534
0.534
0.543
0.547
0.554
0.554
0.55
0.55
0.55
0.55
0.552
0.555
0.555
0.555
0.557
0.557
0.557
0.562
0.562
0.563
0.562
0.563
0.563
0.569
0.569
0.569
0.569
0.573
0.568
0.569
0.572
0.572
0.57
0.572
0.573
0.583
0.587
0.587
0.587
0.587
0.587
0.583
0.587
0.587
0.59
0.59
0.591
0.59
0.59
0.595
0.597
0.601
0.601
0.601
0.603
0.603
0.603
0.609
0.614
0.614
0.615
0.613
0.615
0.615
0.616
0.619
0.621
0.621
0.621
0.621
0.625
0.626
0.634
0.635
0.635
0.635
0.636
0.636
0.642
0.652
0.652
0.653
0.652
0.652
0.655
0.655
0.657
0.657
0.657
0.657
0.658
0.658
0.666
0.666
0.666
0.666
0.669
0.671
0.681
0.681
0.675
0.675
0.679
0.679
0.684
0.692
0.7
0.7
0.7
0.704
0.704
0.709
0.715
0.716
0.718
0.719
0.721
0.723
0.724
0.731
0.739
0.739
0.739
0.743
0.749
0.751
0.758
0.758
0.761
0.768
0.775
0.778
0.784
0.786
0.791
0.796
0.801
0.811
0.814
0.819
0.823
0.823
0.825
0.835
0.839
0.84
0.854
0.855
0.856
0.86
0.861
0.863
0.877
0.881
0.882
0.883
0.883
0.891
0.909
0.914
0.925
0.932
0.933
0.938
0.942
0.944
0.955
0.959
0.959
0.981
0.99
0.99
0.99
0.982
0.976
0.969
0.969
0.967
0.965
0.964
0.96
0.96
0.96
0.958
0.956
0.956
0.956
0.952
0.952
0.95
0.949
0.946
0.944
0.942
0.942
0.941
0.938
0.937
0.936
0.935
0.934
0.934
0.932
0.927
0.926
0.924
0.918
0.917
0.913
0.913
0.911
0.911
0.912
0.911
0.907
0.907
0.907
0.901
0.901
0.902
0.902
0.902
0.902
0.901
0.9
0.896
0.896
0.896
0.896
0.896
0.895
0.891
0.894
0.889
0.888
0.888
0.888
0.881
0.88
0.878
0.878
0.878
0.878
0.88
0.88
0.878
0.88
0.877
0.876
0.876
0.876
0.871
0.87
0.87
0.87
0.87
0.87
0.87
0.87
0.866
0.863
0.846
0.82
0.709
0.515
0.44
0.408
0.374
0.373
0.371
0.368
0.368
0.366
0.366
0.368
0.369
0.371
0.373
0.373
0.371
0.37
0.37
0.37
0.37
0.37
0.373
0.373
0.37
0.369
0.373
0.375
0.378
0.379
0.379
0.378
0.375
0.374
0.374
0.371
0.36
0.36
0.371
0.371
0.371
0.372
0.372
0.373
0.369
0.367
0.367
0.367
0.367
0.367
0.369
0.371
0.369
0.369
0.369
0.369
0.369
0.368
0.371
0.37
0.37
0.368
0.37
0.37
0.37
0.37
0.373
0.373
0.375
0.368
0.368
0.368
0.374
0.371
0.374
0.375
0.378
0.38
0.38
0.38
0.38
0.379
0.379
0.375
0.375
0.375
0.379
0.38
0.382
0.382
0.381
0.382
0.383
0.382
0.382
0.383
0.382
0.381
0.381
0.384
0.384
0.388
0.388
0.387
0.387
0.387
0.387
0.387
0.388
0.392
0.391
0.392
0.398
0.398
0.398
0.398
0.396
0.393
0.396
0.396
0.396
0.399
0.401
0.401
0.401
0.401
0.403
0.403
0.403
0.407
0.407
0.407
0.402
0.405
0.402
0.405
0.405
0.405
0.406
0.407
0.409
0.414
0.414
0.414
0.412
0.415
0.415
0.419
0.418
0.419
0.42
0.422
0.422
0.424
0.424
0.426
0.429
0.429
0.434
0.434
0.434
0.434
0.434
0.442
0.442
0.445
0.445
0.448
0.449
0.449
0.449
0.45
0.451
0.451
0.451
0.455
0.455
0.455
0.457
0.459
0.46
0.462
0.463
0.467
0.467
0.465
0.467
0.472
0.472
0.476
0.476
0.477
0.48
0.482
0.482
0.483
0.485
0.492
0.493
0.493
0.493
