0.377
0.377
0.377
0.377
0.376
0.376
0.377
0.377
0.375
0.373
0.373
0.372
0.373
0.373
0.378
0.379
0.379
0.377
0.377
0.374
0.374
0.374
0.375
0.375
0.375
0.375
0.373
0.371
0.371
0.371
0.373
0.369
0.367
0.367
0.367
0.366
0.366
0.368
0.368
0.37
0.37
0.37
0.37
0.37
0.37
0.37
0.374
0.375
0.375
0.375
0.374
0.374
0.374
0.37
0.372
0.372
0.37
0.37
0.369
0.367
0.367
0.368
0.368
0.363
0.368
0.368
0.37
0.37
0.371
0.37
0.368
0.368
0.371
0.371
0.371
0.371
0.371
0.374
0.37
0.369
0.369
0.369
0.369
0.373
0.373
0.373
0.373
0.373
0.373
0.375
0.375
0.375
0.375
0.373
0.373
0.373
0.376
0.376
0.376
0.376
0.376
0.377
0.379
0.379
0.377
0.377
0.377
0.373
0.373
0.374
0.374
0.38
0.38
0.38
0.38
0.386
0.378
0.386
0.387
0.386
0.384
0.39
0.384
0.383
0.384
0.384
0.384
0.385
0.387
0.391
0.392
0.392
0.392
0.394
0.394
0.397
0.398
0.398
0.397
0.397
0.392
0.392
0.392
0.392
0.392
0.393
0.396
0.403
0.405
0.406
0.405
0.406
0.406
0.403
0.403
0.406
0.407
0.407
0.407
0.413
0.406
0.406
0.406
0.41
0.41
0.41
0.415
0.418
0.418
0.419
0.419
0.42
0.42
0.421
0.422
0.429
0.431
0.431
0.431
0.432
0.432
0.432
0.435
0.435
0.435
0.43
0.435
0.436
0.436
0.438
0.438
0.438
0.443
0.446
0.446
0.446
0.454
0.458
0.459
0.459
0.459
0.46
0.463
0.468
0.469
0.468
0.469
0.469
0.47
0.473
0.478
0.478
0.479
0.482
0.482
0.486
0.488
0.488
0.488
0.488
0.489
0.491
0.498
0.498
0.503
0.505
0.508
0.51
0.51
0.515
0.515
0.515
0.516
0.524
0.524
0.524
0.524
0.525
0.525
0.532
0.538
0.541
0.541
0.542
0.541
0.541
0.544
0.551
0.554
0.562
0.562
0.562
0.562
0.562
0.568
0.569
0.573
0.574
0.577
0.583
0.583
0.589
0.594
0.6
0.606
0.609
0.61
0.612
0.612
0.621
0.63
0.633
0.636
0.639
0.639
0.639
0.639
0.637
0.637
0.63
0.629
0.629
0.629
0.624
0.622
0.618
0.616
0.616
0.615
0.609
0.609
0.609
0.609
0.609
0.609
0.608
0.605
0.601
0.598
0.595
0.594
0.594
0.592
0.591
0.592
0.591
0.591
0.591
0.591
0.591
0.588
0.585
0.584
0.584
0.581
0.581
0.575
0.576
0.575
0.575
0.574
0.57
0.57
0.567
0.567
0.567
0.567
0.567
0.564
0.563
0.562
0.562
0.562
0.563
0.563
0.564
0.564
0.563
0.556
0.554
0.552
0.552
0.552
0.552
0.552
0.548
0.546
0.544
0.544
0.544
0.546
0.544
0.546
0.546
0.546
0.544
0.546
0.546
0.544
0.547
0.547
0.54
0.54
0.54
0.539
0.54
0.539
0.539
0.536
0.533
0.533
0.534
0.536
0.534
0.537
0.534
0.537
0.534
0.537
0.537
0.537
0.54
0.54
0.531
0.531
0.531
0.531
0.529
0.527
0.527
0.527
0.527
0.53
0.532
0.532
0.53
0.533
0.524
0.524
0.532
0.532
0.528
0.528
0.528
0.528
0.528
0.525
0.528
0.528
0.525
0.529
0.529
0.523
0.523
0.527
0.527
0.527
0.529
0.529
0.524
0.524
0.524
0.524
0.527
0.528
0.533
0.533
0.533
0.533
0.527
0.524
0.524
0.527
0.524
0.525
0.527
0.527
0.528
0.529
0.533
0.533
0.533
0.533
0.533
0.533
0.531
0.531
0.53
0.525
0.525
0.53
0.53
0.529
0.53
0.53
0.53
0.531
0.531
0.531
0.532
0.532
0.529
0.53
0.533
0.532
0.532
0.538
0.538
0.538
0.541
0.538
0.541
0.541
0.541
0.541
0.541
0.542
0.542
0.54
0.54
0.532
0.532
0.542
0.542
0.543
0.543
0.548
0.547
0.547
0.547
0.548
0.548
0.551
0.553
0.553
0.552
0.552
0.552
0.548
0.548
0.546
0.546
0.548
0.555
0.555
0.559
0.562
0.562
0.559
0.562
0.563
0.563
0.566
0.567
0.571
0.571
0.571
0.572
0.573
0.576
0.573
0.58
0.58
0.577
0.572
0.577
0.577
0.584
0.584
0.585
0.585
0.585
0.595
0.596
0.596
0.596
0.596
0.596
0.595
0.595
0.599
0.601
0.602
0.606
0.608
0.606
0.606
0.606
0.607
0.607
0.608
0.613
0.614
0.621
0.628
0.628
0.628
0.629
0.628
0.629
0.63
0.63
0.634
0.634
0.634
0.634
0.634
0.64
0.64
0.64
0.642
0.642
0.643
0.648
0.65
0.653
0.654
0.659
0.661
0.661
0.662
0.667
0.675
0.676
0.676
0.676
0.68
0.682
0.685
0.689
0.692
0.693
0.697
0.699
0.701
0.702
0.711
0.715
0.721
0.723
0.727
0.731
0.737
0.74
0.742
0.752
0.752
0.753
0.758
0.76
0.764
0.769
0.776
0.781
0.786
0.789
0.79
0.793
0.8
0.801
0.804
0.809
0.817
0.825
0.83
0.833
0.839
0.845
0.848
0.853
0.855
0.862
0.865
0.871
0.873
0.877
0.879
0.888
0.895
0.902
0.905
0.91
0.917
0.921
0.925
0.935
0.949
0.95
0.955
0.961
0.968
0.97
0.989
0.989
0.989
0.976
0.972
0.972
0.972
0.97
0.968
0.967
0.959
0.959
0.958
0.958
0.954
0.954
0.953
0.949
0.948
0.946
0.946
0.943
0.943
0.942
0.936
0.931
0.929
0.929
0.929
0.926
0.926
0.926
0.925
0.922
0.919
0.918
0.915
0.915
0.911
0.909
0.909
0.909
0.909
0.909
0.907
0.901
0.897
0.897
0.897
0.898
0.898
0.9
0.9
0.9
0.898
0.895
0.888
0.887
0.887
0.888
0.888
0.888
0.888
0.883
0.879
0.876
0.876
0.875
0.875
0.875
0.874
0.874
0.881
0.883
0.881
0.881
0.871
0.87
0.87
0.869
0.87
0.87
0.869
0.869
0.867
0.862
0.861
0.862
0.862
0.861
0.85
0.847
0.822
0.694
0.497
0.414
0.391
0.373
0.371
0.37
0.371
0.37
0.371
0.371
0.371
0.372
0.373
0.373
0.373
0.374
0.374
0.374
0.374
0.381
0.374
0.374
0.37
0.37
0.37
0.372
0.376
0.376
0.376
0.376
0.376
0.374
0.373
0.373
0.376
0.376
0.376
0.376
0.371
0.371
0.371
0.364
0.36
0.365
0.365
0.365
0.371
0.371
0.372
0.373
0.371
0.368
0.368
0.365
0.363
0.363
0.363
0.363
0.365
0.368
0.372
0.373
0.372
0.373
0.375
0.378
0.378
0.378
0.375
0.373
0.373
0.375
0.376
0.376
0.376
0.375
0.372
0.372
0.372
0.376
0.38
0.381
0.38
0.381
0.381
0.381
0.381
0.383
0.383
0.383
0.383
0.388
0.386
0.388
0.388
0.386
0.386
0.386
0.386
0.387
0.389
0.389
0.391
0.389
0.389
0.389
0.389
0.389
0.391
0.393
0.396
0.396
0.396
0.399
0.398
0.398
0.4
0.4
0.4
0.401
0.403
0.404
0.404
0.404
0.402
0.402
0.402
0.409
0.409
0.409
0.409
0.409
0.412
0.412
0.412
0.412
0.412
0.412
0.42
0.421
0.421
0.421
0.421
0.421
0.424
0.425
0.423
0.424
0.425
0.426
0.426
0.43
0.43
0.433
0.433
0.433
0.433
0.433
0.433
0.436
0.443
0.443
0.443
0.443
0.443
0.443
0.447
0.455
0.455
0.456
0.456
0.456
0.46
0.462
0.466
0.466
0.466
0.466
0.466
0.466
0.469
0.469
0.469
0.469
0.469
0.48
0.485
0.488
0.489
0.49
0.489
0.489
0.494
0.493
0.493
0.5
0.502
0.503
0.507
0.507
0.508
0.508
0.508
0.512
0.514
0.52
0.524
0.524
0.524
0.524
0.524
0.528
0.531
0.533
0.534
0.535
0.543
0.55
0.552
0.556
0.559
0.56
0.56
0.561
0.567
0.57
0.573
0.574
0.574
0.575
0.589
0.589
0.589
0.591
0.591
0.593
0.597
0.597
0.597
0.598
0.614
0.618
0.619
0.619
0.627
0.63
0.637
0.644
0.646
0.646
0.646
0.646
0.638
0.638
0.638
0.637
0.637
0.637
0.637
0.632
0.631
0.624
0.623
0.623
0.62
0.619
0.618
0.618
0.616
0.614
0.612
0.612
0.612
0.608
0.608
0.608
0.608
0.604
0.604
0.602
0.602
0.6
0.599
0.6
0.599
0.594
0.594
0.594
0.593
0.59
0.588
0.588
0.588
0.585
0.581
0.581
0.581
0.583
0.583
0.583
0.58
0.579
0.574
0.574
0.571
0.571
0.571
0.571
0.571
0.57
0.569
0.567
0.568
0.567
0.562
0.562
0.562
0.562
0.562
0.557
0.554
0.553
0.553
0.549
0.547
0.547
0.545
0.545
0.545
0.553
0.55
0.55
0.55
0.548
