0.508
0.51
0.512
0.518
0.519
0.519
0.519
0.519
0.519
0.519
0.532
0.533
0.534
0.541
0.541
0.542
0.547
0.547
0.558
0.559
0.559
0.559
0.564
0.572
0.576
0.582
0.582
0.585
0.585
0.587
0.59
0.591
0.596
0.597
0.598
0.601
0.613
0.616
0.62
0.622
0.626
0.643
0.646
0.646
0.646
0.646
0.645
0.645
0.643
0.637
0.636
0.636
0.631
0.629
0.625
0.62
0.62
0.62
0.617
0.614
0.613
0.613
0.61
0.61
0.608
0.608
0.604
0.604
0.604
0.597
0.604
0.598
0.597
0.596
0.596
0.594
0.592
0.589
0.589
0.585
0.589
0.589
0.589
0.585
0.585
0.583
0.583
0.582
0.578
0.577
0.576
0.576
0.576
0.575
0.575
0.576
0.576
0.575
0.576
0.575
0.574
0.571
0.57
0.559
0.559
0.559
0.56
0.563
0.566
0.563
0.563
0.557
0.557
0.557
0.561
0.561
0.561
0.56
0.554
0.554
0.554
0.554
0.554
0.554
0.552
0.552
0.552
0.551
0.551
0.55
0.55
0.547
0.547
0.547
0.542
0.542
0.546
0.546
0.546
0.546
0.546
0.541
0.541
0.54
0.541
0.541
0.542
0.544
0.544
0.544
0.537
0.536
0.536
0.536
0.536
0.536
0.542
0.535
0.535
0.536
0.54
0.536
0.536
0.536
0.529
0.529
0.53
0.53
0.532
0.532
0.533
0.533
0.528
0.528
0.531
0.531
0.533
0.533
0.533
0.535
0.533
0.533
0.529
0.527
0.525
0.525
0.522
0.525
0.523
0.527
0.527
0.529
0.538
0.538
0.538
0.536
0.536
0.536
0.534
0.535
0.535
0.538
0.538
0.538
0.538
0.538
0.541
0.536
0.536
0.541
0.536
0.536
0.54
0.542
0.542
0.542
0.543
0.543
0.537
0.537
0.538
0.538
0.538
0.538
0.538
0.538
0.54
0.54
0.541
0.544
0.546
0.546
0.546
0.544
0.543
0.542
0.543
0.543
0.545
0.545
0.547
0.548
0.548
0.548
0.549
0.555
0.555
0.557
0.557
0.555
0.554
0.555
0.555
0.555
0.554
0.555
0.554
0.554
0.556
0.562
0.562
0.562
0.562
0.562
0.56
0.558
0.558
0.562
0.57
0.57
0.57
0.567
0.567
0.567
0.57
0.572
0.572
0.572
0.58
0.58
0.58
0.58
0.58
0.582
0.582
0.582
0.586
0.587
0.588
0.588
0.59
0.592
0.593
0.592
0.59
0.592
0.592
0.592
0.594
0.595
0.6
0.6
0.6
0.608
0.608
0.608
0.608
0.611
0.613
0.611
0.614
0.619
0.619
0.619
0.619
0.619
0.619
0.628
0.628
0.634
0.64
0.641
0.641
0.641
0.641
0.634
0.626
0.617
0.613
0.613
0.612
0.612
0.612
0.606
0.603
0.601
0.589
0.586
0.584
0.581
0.581
0.571
0.569
0.568
0.568
0.566
0.562
0.556
0.553
0.553
0.55
0.544
0.543
0.543
0.541
0.542
0.542
0.54
0.537
0.529
0.529
0.529
0.528
0.526
0.519
0.514
0.513
0.503
0.503
0.503
0.501
0.505
0.505
0.505
0.501
0.501
0.496
0.496
0.493
0.493
0.493
0.493
0.483
0.481
0.479
0.475
0.475
0.472
0.472
0.471
0.468
0.467
0.467
0.468
0.465
0.462
0.463
0.461
0.455
0.455
0.455
0.455
0.454
0.447
0.445
0.445
0.443
0.447
0.449
0.449
0.448
0.448
0.446
0.444
0.44
0.44
0.44
0.439
0.434
0.431
0.427
0.427
0.426
0.427
0.428
0.428
0.426
0.423
0.423
0.422
0.422
0.418
0.417
0.417
0.415
0.415
0.416
0.416
0.416
0.416
0.414
0.414
0.416
0.414
0.414
0.414
0.41
0.41
0.404
0.403
0.403
0.403
0.403
0.403
0.401
0.401
0.4
0.4
0.4
0.4
0.401
0.401
0.398
0.396
0.395
0.394
0.394
0.394
0.394
0.393
0.398
0.394
0.394
0.39
0.392
0.39
0.39
0.388
0.385
0.385
0.386
0.384
0.386
0.386
0.386
0.385
0.385
0.384
0.382
0.381
0.381
0.381
0.381
0.379
0.379
0.379
0.379
0.387
0.387
0.379
0.383
0.378
0.378
0.374
0.374
0.373
0.374
0.373
0.373
0.374
0.374
0.378
0.379
0.378
0.376
0.376
0.376
0.376
0.376
0.375
0.374
0.374
0.369
0.369
0.369
0.371
0.375
0.382
0.382
0.375
0.374
0.371
0.371
0.371
0.374
0.371
0.371
0.371
0.371
0.371
0.376
0.378
0.378
0.378
0.376
0.376
0.374
0.374
0.374
0.372
0.372
0.373
0.379
0.373
0.374
0.374
0.374
0.374
0.374
0.373
0.371
0.371
0.371
0.375
0.377
0.377
0.375
0.377
0.376
0.376
0.376
0.376
0.376
0.376
0.376
0.376
0.377
0.377
0.377
0.378
0.378
0.378
0.378
0.377
0.377
0.377
0.382
0.383
0.386
0.384
0.384
0.384
0.383
0.379
0.379
0.379
0.379
0.379
0.379
0.38
0.38
0.383
0.384
0.388
0.391
0.391
0.391
0.388
0.388
0.388
0.39
0.39
0.39
0.39
0.394
0.395
0.396
0.395
0.395
0.396
0.398
0.398
0.398
0.399
0.399
0.399
0.404
0.404
0.408
0.404
0.405
0.405
0.408
0.409
0.409
0.41
0.412
0.412
0.414
0.416
0.416
0.416
0.415
0.413
0.412
0.413
0.41
0.41
0.416
0.416
0.416
0.416
0.416
0.416
0.424
0.425
0.426
0.425
0.426
0.429
0.429
0.432
0.432
0.434
0.436
0.434
0.434
0.436
0.436
0.44
0.44
0.443
0.44
0.442
0.442
0.443
0.454
0.454
0.455
0.455
0.46
0.46
0.462
0.462
0.463
0.465
0.469
0.47
0.471
0.471
0.472
0.477
0.477
0.475
0.475
0.475
0.475
0.481
0.483
0.483
0.487
0.483
0.487
0.492
0.492
0.492
0.492
0.492
0.498
0.498
0.498
0.498
0.498
0.5
0.508
0.512
0.518
0.523
0.524
0.524
0.524
0.524
0.525
0.529
0.533
0.539
0.539
0.54
0.54
0.54
0.542
0.549
0.551
0.555
0.555
0.558
0.567
0.567
0.568
0.571
0.578
0.579
0.579
0.584
0.588
0.593
0.593
0.594
0.602
0.603
0.603
0.605
0.609
0.613
0.628
0.631
0.632
0.637
0.64
0.646
0.648
0.648
0.648
0.646
0.636
0.635
0.634
0.631
0.634
0.63
0.633
0.63
0.63
0.623
0.622
0.62
0.62
0.619
0.618
0.618
0.617
0.613
0.613
0.613
0.609
0.608
0.599
0.598
0.597
0.597
0.597
0.594
0.592
0.592
0.592
0.592
0.592
0.586
0.586
0.586
0.586
0.58
0.586
0.578
0.577
0.578
0.578
0.576
0.577
0.577
0.576
0.576
0.571
0.571
0.571
0.571
0.565
0.564
0.564
0.559
0.564
0.564
0.559
0.559
0.558
0.558
0.558
0.558
0.558
0.558
0.557
0.557
0.555
0.555
0.557
0.558
0.558
0.558
0.554
0.554
0.553
0.553
0.55
0.543
0.543
0.546
0.546
0.546
0.546
0.545
0.545
0.544
0.542
0.539
0.539
0.539
0.54
0.54
0.54
0.537
0.537
0.537
0.537
0.541
0.541
0.539
0.541
0.539
0.539
0.539
0.538
0.538
0.534
0.534
0.533
0.533
0.533
0.533
0.533
0.533
0.536
0.536
0.528
0.536
0.536
0.532
0.532
0.532
0.532
0.53
0.53
0.529
0.53
0.533
0.533
0.528
0.528
0.528
0.527
0.528
0.531
0.531
0.531
0.531
0.525
0.525
0.525
0.53
0.533
0.535
0.533
0.532
0.532
0.532
0.532
0.532
0.532
0.532
0.532
0.532
0.533
0.536
0.536
0.536
0.536
0.533
0.532
0.533
0.532
0.533
0.532
0.533
0.532
0.533
0.531
0.53
0.53
0.533
0.535
0.535
0.535
0.535
0.535
0.535
0.538
0.538
0.534
0.538
0.538
0.54
0.54
0.541
0.542
0.545
0.545
0.551
0.551
0.55
0.55
0.552
0.55
0.55
0.55
0.543
0.543
0.543
0.543
0.543
0.544
0.549
0.547
0.549
0.553
0.555
0.555
0.555
0.554
0.554
0.554
0.56
0.56
0.56
0.562
0.559
0.559
0.562
0.562
0.566
0.566
0.565
0.565
0.565
0.565
0.57
0.572
0.574
0.575
0.577
0.577
0.577
0.577
0.577
0.577
0.579
0.583
0.583
0.587
0.583
0.583
0.583
0.587
0.583
0.589
0.589
0.591
0.592
0.593
0.593
0.593
0.593
0.598
0.6
0.601
0.606
0.606
0.606
0.606
0.607
0.609
0.609
0.614
0.618
0.619
0.623
0.626
0.63
0.631
0.635
0.636
0.636
0.636
0.633
0.633
0.633
0.634
0.641
0.645
0.646
0.648
0.648
0.647
0.648
0.647
0.647
0.651
0.651
0.652
0.654
0.654
0.664
0.667
0.67
0.67
0.67
0.667
0.671
0.669
0.671
0.677
0.684
0.686
0.688
0.694
0.697
0.697
0.696
0.702
0.705
0.703
0.703
