0.525
0.535
0.538
0.539
0.539
0.539
0.539
0.543
0.543
0.543
0.543
0.538
0.538
0.543
0.546
0.546
0.546
0.546
0.546
0.546
0.546
0.547
0.55
0.551
0.553
0.555
0.557
0.558
0.558
0.56
0.558
0.562
0.561
0.562
0.561
0.561
0.561
0.561
0.561
0.561
0.564
0.572
0.572
0.569
0.574
0.574
0.574
0.574
0.577
0.578
0.577
0.578
0.578
0.58
0.58
0.581
0.588
0.588
0.589
0.589
0.586
0.586
0.591
0.591
0.591
0.599
0.599
0.599
0.6
0.6
0.6
0.606
0.608
0.608
0.609
0.61
0.61
0.611
0.612
0.616
0.62
0.622
0.623
0.625
0.625
0.629
0.63
0.633
0.635
0.635
0.635
0.632
0.622
0.616
0.61
0.605
0.604
0.6
0.6
0.596
0.596
0.585
0.585
0.584
0.584
0.58
0.58
0.569
0.568
0.568
0.565
0.562
0.56
0.561
0.555
0.551
0.554
0.549
0.546
0.535
0.533
0.531
0.531
0.531
0.531
0.533
0.533
0.533
0.533
0.53
0.513
0.509
0.509
0.505
0.505
0.504
0.504
0.502
0.497
0.497
0.496
0.493
0.493
0.492
0.491
0.489
0.489
0.488
0.488
0.482
0.474
0.474
0.473
0.473
0.469
0.469
0.468
0.467
0.467
0.467
0.462
0.462
0.459
0.457
0.457
0.455
0.449
0.447
0.447
0.447
0.445
0.444
0.445
0.444
0.444
0.441
0.444
0.442
0.442
0.441
0.434
0.432
0.432
0.428
0.428
0.431
0.431
0.431
0.431
0.431
0.43
0.417
0.417
0.417
0.417
0.417
0.415
0.42
0.414
0.413
0.413
0.414
0.411
0.413
0.413
0.411
0.41
0.411
0.41
0.41
0.407
0.406
0.406
0.402
0.403
0.403
0.403
0.398
0.398
0.394
0.394
0.398
0.398
0.399
0.399
0.399
0.394
0.394
0.394
0.39
0.39
0.39
0.39
0.39
0.39
0.39
0.392
0.393
0.393
0.393
0.384
0.38
0.38
0.38
0.381
0.386
0.386
0.386
0.386
0.378
0.378
0.379
0.379
0.379
0.379
0.379
0.379
0.374
0.374
0.374
0.374
0.376
0.379
0.376
0.375
0.376
0.375
0.375
0.375
0.373
0.373
0.373
0.377
0.377
0.377
0.377
0.377
0.372
0.372
0.377
0.377
0.373
0.377
0.378
0.373
0.378
0.382
0.378
0.371
0.377
0.373
0.371
0.373
0.373
0.373
0.373
0.376
0.377
0.376
0.372
0.374
0.374
0.374
0.375
0.375
0.376
0.376
0.376
0.376
0.377
0.376
0.38
0.38
0.38
0.375
0.373
0.373
0.373
0.373
0.377
0.378
0.378
0.378
0.376
0.376
0.374
0.374
0.372
0.372
0.372
0.376
0.38
0.381
0.381
0.381
0.381
0.373
0.373
0.38
0.376
0.38
0.38
0.382
0.378
0.378
0.378
0.387
0.378
0.387
0.387
0.382
0.382
0.382
0.382
0.382
0.385
0.386
0.386
0.384
0.385
0.385
0.384
0.385
0.385
0.384
0.383
0.384
0.381
0.381
0.386
0.386
0.387
0.388
0.389
0.388
0.394
0.394
0.394
0.39
0.392
0.392
0.393
0.393
0.393
0.401
0.401
0.4
0.394
0.394
0.394
0.401
0.401
0.401
0.4
0.397
0.397
0.4
0.403
0.403
0.403
0.404
0.404
0.405
0.407
0.409
0.409
0.41
0.411
0.415
0.415
0.416
0.416
0.416
0.417
0.417
0.414
0.421
0.422
0.421
0.422
0.423
0.422
0.418
0.423
0.425
0.428
0.429
0.431
0.429
0.432
0.432
0.432
0.432
0.437
0.437
0.438
0.44
0.44
0.443
0.443
0.445
0.446
0.449
0.451
0.452
0.452
0.453
0.453
0.453
0.453
0.453
0.453
0.453
0.462
0.462
0.462
0.463
0.463
0.465
0.471
0.475
0.476
0.476
0.479
0.479
0.481
0.485
0.485
0.485
0.485
0.485
0.49
0.495
0.497
0.499
0.5
0.504
0.505
0.508
0.508
0.505
0.51
0.503
0.503
0.512
0.512
0.512
0.513
0.518
0.518
0.52
0.52
0.528
0.531
0.54
0.54
0.543
0.544
0.543
0.543
0.543
0.544
0.544
0.552
0.555
0.558
0.558
0.562
0.568
0.571
0.571
0.573
0.574
0.574
0.589
0.589
0.59
0.591
0.593
0.6
0.605
0.605
0.621
0.622
0.624
0.624
0.63
0.634
0.634
0.637
0.634
0.625
0.624
0.624
0.624
0.624
0.621
0.62
0.618
0.613
0.612
0.612
0.607
0.607
0.607
0.607
0.607
0.604
0.604
0.604
0.6
0.6
0.6
0.6
0.595
0.591
0.591
0.591
0.591
0.591
0.587
0.587
0.581
0.578
0.578
0.578
0.576
0.576
0.58
0.58
0.58
0.58
0.571
0.571
0.571
0.571
0.567
0.567
0.567
0.567
0.567
0.565
0.558
0.558
0.558
0.558
0.553
0.553
0.549
0.549
0.547
0.547
0.547
0.556
0.556
0.556
0.556
0.548
0.548
0.548
0.554
0.557
0.557
0.557
0.55
0.542
0.54
0.537
0.534
0.534
0.537
0.543
0.543
0.543
0.543
0.543
0.543
0.539
0.538
0.532
0.532
0.532
0.532
0.535
0.535
0.53
0.53
0.533
0.533
0.533
0.533
0.531
0.531
0.531
0.532
0.532
0.532
0.532
0.53
0.528
0.528
0.528
0.529
0.528
0.528
0.528
0.527
0.527
0.527
0.528
0.527
0.528
0.524
0.522
0.522
0.522
0.522
0.522
0.522
0.521
0.519
0.519
0.519
0.52
0.52
0.52
0.521
0.521
0.526
0.526
0.526
0.52
0.519
0.519
0.519
0.519
0.523
0.525
0.528
0.529
0.529
0.528
0.528
0.526
0.526
0.53
0.53
0.529
0.531
0.529
0.529
0.529
0.53
0.53
0.531
0.531
0.53
0.532
0.53
0.53
0.533
0.535
0.533
0.533
0.529
0.529
0.528
0.529
0.532
0.534
0.532
0.532
0.531
0.531
0.531
0.535
0.535
0.537
0.535
0.535
0.537
0.54
0.54
0.54
0.533
0.533
0.533
0.533
0.535
0.538
0.537
0.537
0.535
0.532
0.532
0.532
0.545
0.546
0.546
0.549
0.551
0.553
0.551
0.555
0.556
0.556
0.558
0.558
0.558
0.558
0.553
0.553
0.561
0.561
0.561
0.562
0.561
0.561
0.562
0.563
0.571
0.574
0.574
0.574
0.573
0.572
0.572
0.573
0.575
0.578
0.579
0.579
0.579
0.579
0.583
0.59
0.59
0.59
0.593
0.593
0.593
0.593
0.593
0.593
0.593
0.594
0.6
0.601
0.601
0.607
0.603
0.603
0.61
0.611
0.611
0.611
0.613
0.615
0.616
0.616
0.62
0.62
0.625
0.625
0.63
0.621
0.633
0.633
0.64
0.64
0.64
0.64
0.64
0.641
0.644
0.645
0.647
0.649
0.653
0.654
0.656
0.659
0.659
0.659
0.659
0.661
0.659
0.659
0.658
0.658
0.658
0.676
0.677
0.682
0.682
0.682
0.682
0.685
0.685
0.686
0.69
0.69
0.69
0.703
0.703
0.704
0.704
0.707
0.711
0.712
0.713
0.717
0.725
0.732
0.733
0.735
0.739
0.744
0.744
0.744
0.753
0.756
0.763
0.765
0.771
0.772
0.778
0.782
0.786
0.788
0.788
0.794
0.808
0.812
0.813
0.817
0.825
0.825
0.826
0.83
0.836
0.842
0.846
0.853
0.864
0.864
0.867
0.877
0.878
0.88
0.889
0.891
0.893
0.905
0.905
0.922
0.922
0.923
0.931
0.936
0.936
0.953
0.955
0.971
0.981
0.982
0.982
0.982
0.982
0.979
0.979
0.978
0.974
0.968
0.966
0.964
0.962
0.961
0.961
0.953
0.952
0.952
0.952
0.95
0.949
0.949
0.944
0.942
0.938
0.938
0.938
0.937
0.935
0.931
0.929
0.928
0.928
0.928
0.921
0.921
0.916
0.914
0.914
0.913
0.913
0.913
0.913
0.91
0.908
0.906
0.905
0.903
0.896
0.896
0.896
0.896
0.894
0.894
0.89
0.89
0.89
0.887
0.889
0.889
0.889
0.886
0.882
0.882
0.882
0.882
0.883
0.883
0.883
0.883
0.883
0.883
0.879
0.876
0.875
0.874
0.87
0.87
0.87
0.87
0.87
0.87
0.869
0.865
0.86
0.858
0.858
0.858
0.858
0.858
0.856
0.848
0.837
0.823
0.785
0.546
0.447
0.419
0.385
0.368
0.368
0.368
0.368
0.367
0.368
0.368
0.367
0.368
0.368
0.368
0.37
0.374
0.37
0.374
0.374
0.376
0.371
0.374
0.371
0.371
0.37
0.37
0.369
0.367
0.369
0.375
0.369
0.373
0.373
0.365
0.359
0.364
0.364
0.364
0.364
0.364
0.364
0.362
0.362
0.364
0.365
0.365
0.365
0.365
0.368
0.368
0.368
0.369
0.369
0.369
0.369
0.366
0.366
0.366
0.366
0.366
0.367
0.368
0.368
0.367
0.367
0.363
0.363
0.363
0.366
0.367
0.373
0.376
0.377
0.377
0.376
0.377
0.376
0.376
0.374
0.368
