0.548
0.548
0.549
0.549
0.549
0.549
0.549
0.549
0.549
0.547
0.545
0.541
0.545
0.539
0.539
0.539
0.538
0.538
0.54
0.541
0.541
0.541
0.541
0.541
0.539
0.537
0.537
0.537
0.537
0.537
0.53
0.53
0.537
0.537
0.541
0.542
0.541
0.537
0.534
0.534
0.534
0.534
0.535
0.537
0.537
0.542
0.542
0.532
0.532
0.53
0.529
0.53
0.53
0.53
0.53
0.53
0.53
0.531
0.531
0.531
0.531
0.526
0.524
0.522
0.524
0.524
0.529
0.529
0.529
0.523
0.52
0.52
0.52
0.526
0.529
0.533
0.533
0.536
0.536
0.533
0.531
0.531
0.529
0.531
0.531
0.531
0.53
0.53
0.53
0.533
0.533
0.534
0.534
0.536
0.538
0.534
0.531
0.535
0.534
0.534
0.535
0.535
0.534
0.535
0.535
0.534
0.536
0.536
0.536
0.536
0.54
0.54
0.542
0.542
0.54
0.539
0.54
0.54
0.54
0.539
0.545
0.542
0.542
0.542
0.543
0.543
0.547
0.551
0.551
0.552
0.552
0.556
0.556
0.556
0.55
0.55
0.55
0.55
0.549
0.55
0.553
0.553
0.555
0.556
0.556
0.558
0.562
0.563
0.563
0.564
0.562
0.563
0.563
0.566
0.563
0.563
0.563
0.563
0.563
0.573
0.573
0.575
0.575
0.575
0.576
0.579
0.579
0.579
0.582
0.583
0.583
0.584
0.584
0.586
0.594
0.594
0.596
0.596
0.592
0.592
0.597
0.592
0.597
0.597
0.597
0.595
0.597
0.599
0.6
0.601
0.605
0.607
0.607
0.608
0.608
0.608
0.612
0.62
0.62
0.62
0.62
0.62
0.621
0.621
0.627
0.631
0.632
0.632
0.632
0.632
0.63
0.627
0.62
0.618
0.618
0.615
0.615
0.607
0.598
0.595
0.591
0.589
0.589
0.586
0.582
0.574
0.568
0.567
0.565
0.565
0.565
0.56
0.56
0.552
0.549
0.547
0.543
0.542
0.542
0.541
0.537
0.537
0.531
0.531
0.526
0.526
0.523
0.518
0.516
0.511
0.511
0.51
0.505
0.504
0.504
0.503
0.501
0.501
0.5
0.497
0.494
0.491
0.483
0.483
0.483
0.483
0.482
0.479
0.477
0.473
0.473
0.47
0.473
0.473
0.473
0.467
0.464
0.463
0.463
0.463
0.463
0.463
0.456
0.455
0.45
0.45
0.449
0.448
0.448
0.448
0.448
0.446
0.444
0.442
0.442
0.442
0.442
0.442
0.442
0.44
0.438
0.437
0.433
0.437
0.433
0.433
0.433
0.429
0.429
0.429
0.429
0.428
0.424
0.42
0.42
0.418
0.415
0.415
0.414
0.414
0.414
0.414
0.414
0.414
0.414
0.414
0.413
0.411
0.411
0.413
0.411
0.411
0.41
0.405
0.4
0.403
0.4
0.4
0.4
0.399
0.398
0.393
0.393
0.397
0.395
0.395
0.397
0.395
0.395
0.396
0.396
0.395
0.395
0.393
0.392
0.391
0.391
0.389
0.389
0.39
0.39
0.39
0.39
0.389
0.381
0.387
0.384
0.384
0.384
0.384
0.384
0.383
0.383
0.383
0.382
0.383
0.385
0.382
0.379
0.379
0.379
0.379
0.379
0.382
0.383
0.383
0.384
0.384
0.383
0.38
0.379
0.379
0.377
0.374
0.374
0.379
0.379
0.382
0.382
0.379
0.378
0.378
0.378
0.379
0.379
0.379
0.374
0.374
0.371
0.374
0.373
0.373
0.373
0.374
0.373
0.373
0.373
0.373
0.373
0.375
0.377
0.379
0.38
0.379
0.381
0.382
0.383
0.382
0.382
0.381
0.378
0.378
0.377
0.378
0.379
0.379
0.379
0.38
0.38
0.38
0.38
0.38
0.38
0.38
0.38
0.377
0.377
0.377
0.376
0.376
0.376
0.378
0.378
0.378
0.378
0.378
0.378
0.375
0.378
0.375
0.375
0.375
0.376
0.374
0.376
0.377
0.376
0.376
0.376
0.375
0.372
0.372
0.375
0.372
0.376
0.382
0.376
0.376
0.376
0.38
0.38
0.383
0.383
0.383
0.383
0.379
0.379
0.379
0.381
0.385
0.386
0.386
0.388
0.388
0.388
0.388
0.389
0.396
0.396
0.396
0.396
0.395
0.392
0.395
0.394
0.395
0.397
0.397
0.394
0.396
0.396
0.396
0.399
0.4
0.403
0.403
0.403
0.401
0.401
0.401
0.405
0.405
0.409
0.405
0.405
0.403
0.403
0.403
0.41
0.414
0.414
0.411
0.414
0.414
0.414
0.416
0.416
0.416
0.418
0.414
0.414
0.419
0.419
0.421
0.422
0.426
0.428
0.429
0.429
0.429
0.428
0.428
0.428
0.437
0.437
0.442
0.44
0.437
0.44
0.442
0.445
0.448
0.451
0.454
0.454
0.454
0.454
0.454
0.454
0.459
0.459
0.463
0.459
0.457
0.457
0.463
0.469
0.469
0.471
0.469
0.471
0.471
0.473
0.473
0.473
0.475
0.475
0.475
0.482
0.487
0.487
0.487
0.49
0.494
0.498
0.5
0.502
0.504
0.504
0.504
0.504
0.506
0.509
0.509
0.519
0.519
0.519
0.519
0.523
0.529
0.53
0.53
0.535
0.542
0.542
0.547
0.55
0.55
0.552
0.556
0.556
0.558
0.558
0.562
0.57
0.571
0.579
0.581
0.582
0.582
0.584
0.584
0.584
0.591
0.591
0.602
0.602
0.602
0.605
0.61
0.618
0.624
0.625
0.63
0.631
0.634
0.635
0.635
0.635
0.634
0.635
0.633
0.632
0.632
0.627
0.62
0.62
0.62
0.62
0.618
0.618
0.615
0.61
0.609
0.607
0.607
0.608
0.608
0.607
0.605
0.605
0.6
0.601
0.598
0.598
0.593
0.591
0.591
0.59
0.591
0.591
0.591
0.589
0.589
0.588
0.586
0.585
0.579
0.578
0.578
0.578
0.577
0.577
0.575
0.572
0.571
0.572
0.571
0.571
0.568
0.568
0.566
0.561
0.56
0.557
0.557
0.557
0.557
0.563
0.563
0.563
0.563
0.563
0.559
0.557
0.556
0.553
0.555
0.553
0.553
0.555
0.555
0.55
0.556
0.55
0.55
0.55
0.546
0.545
0.545
0.544
0.544
0.544
0.544
0.544
0.548
0.549
0.549
0.541
0.539
0.539
0.539
0.532
0.54
0.54
0.539
0.538
0.538
0.538
0.534
0.536
0.534
0.532
0.529
0.528
0.528
0.529
0.527
0.527
0.527
0.527
0.527
0.527
0.531
0.531
0.533
0.534
0.533
0.526
0.53
0.53
0.524
0.527
0.524
0.524
0.527
0.528
0.529
0.529
0.529
0.529
0.529
0.525
0.525
0.524
0.523
0.524
0.524
0.524
0.524
0.529
0.524
0.523
0.523
0.529
0.529
0.529
0.529
0.527
0.527
0.526
0.526
0.526
0.526
0.526
0.526
0.529
0.529
0.529
0.531
0.529
0.528
0.528
0.532
0.532
0.532
0.532
0.532
0.535
0.535
0.538
0.538
0.538
0.538
0.535
0.535
0.538
0.538
0.535
0.533
0.533
0.533
0.533
0.539
0.545
0.545
0.545
0.544
0.544
0.54
0.54
0.544
0.546
0.547
0.548
0.548
0.547
0.55
0.55
0.547
0.545
0.543
0.538
0.538
0.538
0.546
0.548
0.552
0.552
0.552
0.552
0.552
0.556
0.557
0.565
0.565
0.566
0.566
0.561
0.561
0.561
0.561
0.563
0.563
0.563
0.563
0.563
0.57
0.57
0.571
0.572
0.574
0.574
0.576
0.579
0.578
0.578
0.576
0.578
0.578
0.582
0.582
0.582
0.581
0.581
0.581
0.585
0.587
0.591
0.591
0.593
0.599
0.6
0.603
0.603
0.606
0.606
0.602
0.602
0.607
0.605
0.607
0.609
0.609
0.612
0.612
0.612
0.608
0.608
0.608
0.629
0.629
0.63
0.63
0.63
0.628
0.63
0.633
0.634
0.641
0.641
0.643
0.644
0.644
0.644
0.649
0.651
0.649
0.651
0.651
0.653
0.656
0.657
0.662
0.662
0.668
0.668
0.668
0.668
0.675
0.676
0.678
0.678
0.679
0.679
0.683
0.687
0.687
0.689
0.697
0.697
0.698
0.701
0.701
0.701
0.707
0.712
0.718
0.722
0.724
0.724
0.726
0.731
0.733
0.735
0.737
0.75
0.754
0.755
0.759
0.763
0.763
0.763
0.766
0.78
0.78
0.782
0.784
0.792
0.797
0.803
0.807
0.809
0.812
0.823
0.829
0.831
0.832
0.835
0.837
0.845
0.852
0.857
0.86
0.866
0.868
0.876
0.882
0.885
0.89
0.898
0.901
0.907
0.909
0.925
0.928
0.933
0.948
0.95
0.955
0.958
0.96
0.98
0.984
0.984
0.984
0.978
0.973
0.973
0.973
0.968
0.968
0.96
0.96
0.96
0.96
0.96
0.96
0.956
0.952
0.946
0.943
0.942
0.942
0.941
0.94
0.94
0.939
0.933
0.93
0.93
0.929
0.924
0.922
0.92
0.92
0.919
0.915
0.915
0.915
0.914
0.907
0.907
0.908
0.9
0.905
0.908
0.905
0.9
0.898
0.896
0.892
0.892
0.89
0.887
0.887
0.886
0.886
0.885
0.882
