1.633
1.635
1.64
1.635
1.633
1.617
1.616
1.613
1.602
1.594
1.59
1.577
1.571
1.569
1.547
1.543
1.543
1.538
1.527
1.526
1.511
1.502
1.495
1.492
1.484
1.478
1.474
1.471
1.461
1.453
1.451
1.447
1.439
1.437
1.428
1.428
1.424
1.421
1.421
1.417
1.406
1.398
1.396
1.391
1.383
1.381
1.38
1.378
1.373
1.369
1.366
1.359
1.353
1.347
1.347
1.345
1.333
1.333
1.332
1.323
1.321
1.32
1.317
1.313
1.308
1.307
1.307
1.306
1.297
1.294
1.293
1.288
1.276
1.264
1.264
1.264
1.269
1.271
1.271
1.269
1.133
1.119
1.119
1.119
1.146
1.146
1.146
0.312
0.279
0.264
0.263
0.259
0.258
0.258
0.259
0.258
0.259
0.259
0.26
0.26
0.261
0.261
0.261
0.264
0.263
0.263
0.268
0.269
0.27
0.275
0.29
0.291
0.297
0.298
0.307
0.31
0.324
0.328
0.329
0.33
0.333
0.338
0.344
0.349
0.35
0.355
0.36
0.362
0.367
0.375
0.382
0.385
0.394
0.405
0.417
0.423
0.426
0.446
0.457
0.463
0.466
0.483
0.493
0.493
0.497
0.53
0.55
0.559
0.577
0.594
0.602
0.628
0.645
0.661
0.694
0.713
0.75
0.774
0.803
0.806
0.807
0.809
0.807
0.806
0.806
0.802
0.801
0.801
0.801
0.801
0.801
0.801
0.8
0.8
0.799
0.799
0.799
0.799
0.803
0.803
0.803
0.797
0.797
0.797
0.798
0.802
0.804
0.806
0.807
0.807
0.808
0.808
0.809
0.809
0.809
0.805
0.805
0.803
0.801
0.801
0.803
0.803
0.803
0.804
0.804
0.804
0.806
0.806
0.808
0.806
0.813
0.813
0.813
0.804
0.811
0.808
0.808
0.808
0.81
0.81
0.81
0.811
0.813
0.815
0.821
0.821
0.823
0.823
0.821
0.819
0.815
0.813
0.815
0.819
0.828
0.828
0.828
0.828
0.827
0.826
0.826
0.827
0.832
0.835
0.835
0.834
0.833
0.834
0.833
0.833
0.833
0.832
0.832
0.836
0.839
0.839
0.846
0.846
0.846
0.847
0.846
0.846
0.847
0.849
0.855
0.855
0.855
0.855
0.855
0.862
0.863
0.863
0.863
0.865
0.87
0.867
0.867
0.87
0.871
0.869
0.872
0.875
0.875
0.875
0.881
0.881
0.883
0.888
0.888
0.89
0.89
0.889
0.889
0.889
0.889
0.902
0.91
0.91
0.91
0.91
0.913
0.911
0.913
0.914
0.916
0.916
0.919
0.921
0.925
0.927
0.929
0.935
0.935
0.939
0.939
0.943
0.949
0.951
0.954
0.96
0.96
0.96
0.965
0.97
0.974
0.975
0.977
0.979
0.984
0.985
0.985
0.988
0.99
1.001
1.004
1.007
1.008
1.008
1.009
1.01
1.009
1.009
0.999
0.991
0.988
0.977
0.972
0.967
0.962
0.96
0.952
0.952
0.947
0.944
0.944
0.938
0.929
0.928
0.928
0.926
0.925
0.914
0.908
0.9
0.898
0.893
0.889
0.887
0.88
0.88
0.879
0.872
0.869
0.865
0.863
0.86
0.858
0.854
0.852
0.845
0.843
0.843
0.836
0.843
0.843
0.831
0.826
0.822
0.82
0.819
0.815
0.815
0.813
0.813
0.811
0.811
0.8
0.795
0.794
0.792
0.791
0.789
0.787
0.787
0.786
0.777
0.775
0.773
0.771
0.771
0.769
0.771
0.766
0.764
0.763
0.764
0.763
0.76
0.76
0.755
0.753
0.752
0.746
0.744
0.742
0.742
0.737
0.737
0.736
0.736
0.732
0.732
0.734
0.727
0.727
0.724
0.72
0.72
0.715
0.715
0.716
0.716
0.713
0.713
0.708
0.704
0.704
0.704
0.704
0.699
0.697
0.697
0.697
0.697
0.697
0.694
0.692
0.691
0.692
0.69
0.688
0.688
0.686
0.684
0.68
0.677
0.677
0.677
0.677
0.677
0.676
0.676
0.676
0.676
0.677
0.677
0.677
0.67
0.665
0.665
0.665
0.665
0.665
0.665
0.665
0.659
0.656
0.656
0.656
0.658
0.658
0.658
0.658
0.656
0.655
0.653
0.648
0.648
0.645
0.645
0.648
0.648
0.645
0.648
0.648
0.651
0.653
0.653
0.653
0.653
0.648
0.644
0.644
0.641
0.639
0.637
0.637
0.639
0.639
0.64
0.642
0.642
0.642
0.642
0.638
0.634
0.634
0.634
0.634
0.634
0.633
0.631
0.631
0.633
0.633
0.633
0.633
0.633
0.633
0.633
0.634
0.635
0.637
0.637
0.637
0.631
0.628
0.627
0.607
0.569
0.565
0.559
0.558
0.558
0.559
0.559
0.562
0.607
0.626
0.628
0.637
0.642
0.642
0.646
0.646
0.646
0.645
0.64
0.64
0.642
0.64
0.64
0.64
0.625
0.543
0.434
0.38
0.367
0.365
0.362
0.362
0.361
0.36
0.362
0.358
0.358
0.358
0.359
0.358
0.359
0.356
0.356
0.35
0.35
0.35
0.35
0.35
0.35
0.35
0.35
0.349
0.35
0.349
0.349
0.348
0.354
0.353
0.355
0.353
0.355
0.355
0.355
0.352
0.351
0.351
0.351
0.351
0.355
0.355
0.355
0.355
0.355
0.354
0.354
0.354
0.354
0.357
0.357
0.364
0.364
0.368
0.368
0.368
0.364
0.364
0.364
0.373
0.377
0.378
0.387
0.457
0.559
0.561
0.561
0.561
0.553
0.54
0.539
0.537
0.536
0.529
0.526
0.522
0.51
0.506
0.501
0.498
0.498
0.491
0.489
0.488
0.484
0.481
0.478
0.475
0.474
0.471
0.469
0.452
0.452
0.451
0.448
0.447
0.447
0.443
0.44
0.436
0.433
0.42
0.42
0.42
0.42
0.42
0.418
0.409
0.408
0.406
0.405
0.405
0.402
0.401
0.396
0.395
0.395
0.395
0.395
0.386
0.386
0.382
0.377
0.376
0.373
0.371
0.37
0.37
0.369
0.367
0.365
0.365
0.361
0.361
0.359
0.357
0.357
0.353
0.35
0.349
0.347
0.347
0.345
0.349
0.343
0.343
0.333
0.333
0.333
0.333
0.333
0.326
0.317
0.317
0.317
0.318
0.323
0.323
0.325
0.323
0.323
0.322
0.311
0.31
0.31
0.308
0.308
0.308
0.308
0.309
0.314
0.309
0.305
0.305
0.305
0.304
0.297
0.297
0.297
0.297
0.297
0.297
0.29
0.298
0.295
0.29
0.29
0.286
0.286
0.286
0.288
0.288
0.288
0.285
0.281
0.281
0.278
0.278
0.278
0.278
0.279
0.279
0.279
0.274
0.274
0.274
0.274
0.274
0.274
0.268
0.268
0.27
0.27
0.27
0.27
0.27
0.27
0.27
0.27
0.271
0.271
0.271
0.269
0.269
0.267
0.265
0.264
0.26
0.264
0.261
0.261
0.259
0.261
0.259
0.257
0.256
0.251
0.251
0.251
0.256
0.258
0.262
0.262
0.265
0.265
0.26
0.258
0.258
0.25
0.25
0.251
0.251
0.251
0.252
0.255
0.255
0.251
0.251
0.251
0.251
0.251
0.251
0.251
0.251
0.246
0.246
0.247
0.25
0.247
0.25
0.25
0.251
0.251
0.253
0.253
0.248
0.248
0.249
0.249
0.249
0.252
0.252
0.246
0.246
0.246
0.246
0.246
0.246
0.246
0.246
0.249
0.246
0.246
0.246
0.245
0.245
0.245
0.247
0.25
0.25
0.25
0.25
0.25
0.248
0.25
0.248
0.246
0.246
0.246
0.243
0.243
0.242
0.243
0.242
0.243
0.238
0.243
0.248
0.248
0.239
0.239
0.239
0.239
0.236
0.236
0.241
0.243
0.243
0.243
0.243
0.243
0.248
0.248
0.248
0.244
0.244
0.244
0.244
0.244
0.248
0.248
0.244
0.244
0.244
0.244
0.243
0.243
0.243
0.246
0.247
0.247
0.247
0.247
0.244
0.244
0.244
0.244
0.249
0.251
0.251
0.251
0.251
0.25
0.247
0.246
0.245
0.246
0.247
0.249
0.252
0.252
0.252
0.25
0.249
0.248
0.248
0.249
0.248
0.251
0.251
0.251
0.258
0.259
0.259
0.259
0.258
0.258
0.252
0.252
0.252
0.245
0.255
0.256
0.255
0.259
0.259
0.258
0.258
0.258
0.258
0.257
0.259
0.257
0.256
0.256
0.257
0.256
0.257
0.257
0.257
0.254
0.256
0.256
0.261
0.262
0.262
0.262
0.261
0.261
0.26
0.261
0.261
0.266
0.261
0.262
0.265
0.265
0.265
0.265
0.265
0.267
0.268
0.269
0.269
0.269
0.269
0.269
0.269
0.272
0.278
0.278
0.278
0.278
0.277
0.272
0.272
0.272
0.275
0.277
0.28
0.284
0.284
0.285
0.286
0.289
0.289
0.289
0.289
0.289
0.299
0.299
0.299
0.299
0.297
0.289
0.282
0.282
0.289
0.291
0.293
0.294
0.297
0.303
0.306
0.306
0.305
0.305
0.307
0.307
0.308
0.31
0.31
0.31
0.309
0.309
0.309
0.309
0.315
0.32
0.327
0.327
0.335
0.335
0.327
0.32
0.32
0.32
0.329
0.329
0.331
0.331
0.329
0.322
