0.369
0.371
0.371
0.371
0.369
0.371
0.371
0.371
0.371
0.372
0.372
0.372
0.372
0.372
0.375
0.377
0.377
0.376
0.376
0.376
0.376
0.376
0.378
0.378
0.378
0.376
0.379
0.382
0.377
0.381
0.381
0.381
0.381
0.381
0.382
0.389
0.382
0.383
0.389
0.388
0.388
0.389
0.397
0.397
0.399
0.405
0.405
0.402
0.401
0.401
0.398
0.398
0.398
0.402
0.402
0.402
0.403
0.406
0.406
0.415
0.415
0.42
0.422
0.422
0.42
0.42
0.422
0.422
0.428
0.428
0.426
0.429
0.431
0.431
0.431
0.431
0.436
0.436
0.439
0.439
0.439
0.441
0.438
0.436
0.438
0.443
0.438
0.438
0.443
0.443
0.45
0.45
0.451
0.451
0.451
0.462
0.462
0.462
0.462
0.462
0.463
0.466
0.467
0.469
0.472
0.472
0.472
0.472
0.474
0.474
0.481
0.481
0.484
0.487
0.484
0.484
0.487
0.491
0.494
0.494
0.496
0.498
0.504
0.504
0.51
0.512
0.515
0.52
0.521
0.522
0.529
0.53
0.533
0.533
0.534
0.536
0.536
0.534
0.543
0.546
0.548
0.554
0.555
0.563
0.564
0.565
0.568
0.572
0.572
0.572
0.575
0.576
0.578
0.589
0.59
0.595
0.601
0.603
0.607
0.607
0.611
0.612
0.618
0.622
0.622
0.635
0.638
0.646
0.646
0.646
0.646
0.646
0.644
0.639
0.638
0.638
0.628
0.628
0.631
0.631
0.631
0.631
0.614
0.614
0.614
0.616
0.616
0.616
0.616
0.616
0.606
0.6
0.6
0.6
0.6
0.6
0.602
0.599
0.597
0.597
0.592
0.592
0.592
0.592
0.592
0.591
0.591
0.587
0.582
0.581
0.579
0.579
0.578
0.578
0.579
0.581
0.579
0.579
0.578
0.578
0.573
0.571
0.57
0.57
0.568
0.568
0.566
0.559
0.559
0.559
0.562
0.565
0.565
0.564
0.563
0.564
0.563
0.562
0.561
0.559
0.558
0.551
0.551
0.551
0.551
0.551
0.552
0.552
0.552
0.552
0.552
0.549
0.545
0.545
0.545
0.542
0.542
0.544
0.545
0.544
0.544
0.544
0.537
0.537
0.537
0.537
0.539
0.54
0.54
0.54
0.54
0.544
0.544
0.545
0.544
0.544
0.534
0.534
0.534
0.535
0.535
0.535
0.539
0.531
0.531
0.531
0.531
0.531
0.531
0.533
0.533
0.534
0.539
0.539
0.534
0.534
0.534
0.53
0.53
0.528
0.528
0.528
0.529
0.529
0.535
0.535
0.535
0.534
0.528
0.524
0.523
0.523
0.524
0.526
0.526
0.526
0.52
0.52
0.52
0.531
0.531
0.531
0.533
0.535
0.535
0.535
0.535
0.535
0.531
0.531
0.531
0.534
0.535
0.539
0.539
0.534
0.538
0.533
0.533
0.534
0.534
0.534
0.534
0.535
0.536
0.542
0.542
0.543
0.546
0.545
0.543
0.543
0.543
0.54
0.54
0.54
0.544
0.544
0.545
0.545
0.545
0.545
0.545
0.542
0.542
0.542
0.542
0.544
0.547
0.545
0.545
0.547
0.547
0.547
0.547
0.548
0.551
0.551
0.552
0.557
0.559
0.559
0.559
0.561
0.561
0.562
0.563
0.563
0.564
0.563
0.563
0.563
0.563
0.562
0.563
0.57
0.571
0.571
0.579
0.579
0.579
0.573
0.572
0.569
0.569
0.572
0.572
0.574
0.577
0.58
0.581
0.581
0.581
0.581
0.582
0.585
0.587
0.587
0.59
0.587
0.587
0.591
0.592
0.592
0.596
0.602
0.604
0.607
0.607
0.607
0.608
0.608
0.608
0.608
0.608
0.609
0.621
0.621
0.621
0.621
0.619
0.619
0.624
0.625
0.633
0.635
0.635
0.638
0.638
0.635
0.63
0.629
0.626
0.623
0.621
0.615
0.613
0.602
0.597
0.597
0.596
0.59
0.584
0.584
0.577
0.576
0.572
0.572
0.57
0.567
0.566
0.56
0.555
0.555
0.555
0.555
0.555
0.548
0.542
0.538
0.531
0.53
0.529
0.529
0.528
0.524
0.519
0.516
0.514
0.514
0.512
0.512
0.5
0.498
0.498
0.498
0.499
0.498
0.492
0.49
0.482
0.482
0.482
0.482
0.482
0.482
0.477
0.474
0.474
0.469
0.47
0.469
0.468
0.468
0.468
0.467
0.461
0.461
0.461
0.461
0.461
0.461
0.46
0.457
0.457
0.456
0.45
0.45
0.45
0.448
0.448
0.448
0.444
0.438
0.434
0.438
0.434
0.434
0.437
0.438
0.437
0.437
0.435
0.432
0.431
0.432
0.432
0.43
0.428
0.426
0.424
0.422
0.422
0.422
0.421
0.418
0.414
0.413
0.408
0.408
0.405
0.406
0.406
0.406
0.406
0.406
0.408
0.406
0.407
0.407
0.407
0.406
0.406
0.405
0.405
0.402
0.4
0.402
0.402
0.398
0.398
0.399
0.399
0.399
0.399
0.399
0.396
0.396
0.392
0.39
0.39
0.391
0.391
0.391
0.391
0.393
0.391
0.388
0.389
0.389
0.388
0.385
0.385
0.379
0.385
0.382
0.385
0.385
0.385
0.385
0.385
0.383
0.383
0.383
0.383
0.388
0.388
0.388
0.379
0.379
0.379
0.379
0.379
0.379
0.378
0.375
0.378
0.378
0.38
0.38
0.38
0.38
0.384
0.38
0.375
0.38
0.377
0.377
0.38
0.38
0.377
0.38
0.38
0.377
0.377
0.377
0.376
0.376
0.376
0.376
0.38
0.38
0.383
0.383
0.383
0.38
0.374
0.374
0.38
0.374
0.377
0.377
0.377
0.377
0.378
0.379
0.381
0.379
0.379
0.378
0.378
0.378
0.378
0.382
0.382
0.382
0.382
0.38
0.375
0.375
0.379
0.38
0.38
0.38
0.381
0.381
0.381
0.381
0.381
0.38
0.38
0.38
0.378
0.378
0.378
0.385
0.382
0.382
0.382
0.381
0.381
0.381
0.381
0.383
0.384
0.384
0.384
0.384
0.379
0.379
0.379
0.381
0.382
0.382
0.382
0.383
0.383
0.383
0.384
0.384
0.385
0.382
0.382
0.382
0.382
0.381
0.381
0.385
0.385
0.389
0.391
0.392
0.392
0.392
0.392
0.39
0.39
0.39
0.39
0.394
0.395
0.398
0.401
0.401
0.401
0.402
0.404
0.402
0.405
0.405
0.405
0.401
0.406
0.408
0.409
0.408
0.408
0.408
0.408
0.408
0.408
0.408
0.408
0.412
0.412
0.411
0.412
0.412
0.413
0.411
0.415
0.415
0.415
0.417
0.419
0.42
0.423
0.425
0.425
0.425
0.425
0.424
0.424
0.424
0.425
0.436
0.438
0.441
0.442
0.442
0.443
0.447
0.447
0.444
0.448
0.448
0.444
0.444
0.452
0.452
0.453
0.453
0.454
0.454
0.455
0.455
0.456
0.456
0.457
0.457
0.46
0.461
0.463
0.463
0.467
0.467
0.472
0.475
0.475
0.478
0.478
0.479
0.479
0.487
0.487
0.487
0.487
0.488
0.495
0.495
0.499
0.499
0.499
0.499
0.505
0.51
0.51
0.51
0.509
0.508
0.508
0.509
0.516
0.516
0.518
0.518
0.521
0.521
0.53
0.53
0.541
0.541
0.543
0.541
0.541
0.544
0.545
0.545
0.553
0.559
0.563
0.565
0.567
0.568
0.568
0.576
0.576
0.578
0.578
0.588
0.589
0.59
0.599
0.601
0.604
0.609
0.61
0.611
0.615
0.625
0.625
0.625
0.625
0.638
0.646
0.646
0.646
0.645
0.638
0.638
0.638
0.637
0.637
0.631
0.626
0.626
0.626
0.624
0.621
0.621
0.621
0.619
0.618
0.618
0.617
0.616
0.613
0.604
0.604
0.604
0.604
0.604
0.604
0.603
0.6
0.596
0.596
0.595
0.592
0.592
0.592
0.592
0.593
0.593
0.591
0.591
0.588
0.584
0.58
0.576
0.576
0.576
0.579
0.579
0.579
0.581
0.575
0.573
0.573
0.573
0.567
0.567
0.567
0.566
0.566
0.566
0.564
0.564
0.564
0.564
0.566
0.566
0.559
0.559
0.557
0.557
0.556
0.555
0.555
0.555
0.554
0.552
0.55
0.549
0.548
0.548
0.548
0.548
0.548
0.544
0.543
0.543
0.544
0.544
0.544
0.548
0.544
0.544
0.544
0.544
0.542
0.542
0.542
0.536
0.536
0.536
0.536
0.535
0.535
0.535
0.538
0.538
0.538
0.538
0.537
0.537
0.537
0.537
0.537
0.538
0.538
0.537
0.537
0.537
0.537
0.539
0.539
0.535
0.543
0.532
0.531
0.532
0.536
0.536
0.536
0.537
0.537
0.537
0.535
0.526
0.525
0.525
0.525
0.525
0.526
0.526
0.528
0.528
0.528
0.528
0.528
0.534
0.534
0.534
0.532
0.529
0.529
0.532
0.532
0.532
0.532
0.532
0.531
0.531
0.53
0.529
0.529
0.529
0.527
0.527
0.527
0.527
0.53
0.53
0.53
0.53
0.528
0.523
0.523
0.523
0.528
0.529
0.53
0.531
0.532
0.532
0.532
0.532
0.532
0.53
0.53
0.531
0.532
0.532
0.533
0.534
0.534
0.534
0.534
0.531
