0.509
0.509
0.509
0.508
0.508
0.506
0.505
0.505
0.505
0.505
0.502
0.5
0.5
0.5
0.493
0.493
0.495
0.493
0.493
0.481
0.481
0.48
0.477
0.477
0.477
0.476
0.473
0.469
0.468
0.468
0.468
0.468
0.466
0.46
0.457
0.457
0.455
0.455
0.455
0.458
0.455
0.449
0.449
0.448
0.446
0.445
0.445
0.445
0.434
0.432
0.432
0.432
0.432
0.432
0.429
0.431
0.428
0.426
0.422
0.421
0.421
0.421
0.421
0.42
0.418
0.416
0.416
0.416
0.42
0.42
0.42
0.418
0.415
0.413
0.413
0.413
0.409
0.409
0.409
0.409
0.409
0.407
0.406
0.404
0.404
0.404
0.404
0.404
0.402
0.399
0.396
0.396
0.397
0.392
0.392
0.387
0.386
0.386
0.386
0.386
0.39
0.393
0.39
0.395
0.395
0.386
0.384
0.386
0.386
0.383
0.389
0.39
0.39
0.383
0.39
0.384
0.383
0.383
0.38
0.38
0.38
0.38
0.382
0.388
0.382
0.375
0.382
0.374
0.374
0.383
0.383
0.372
0.373
0.372
0.37
0.37
0.371
0.367
0.367
0.367
0.363
0.362
0.362
0.363
0.368
0.37
0.37
0.37
0.37
0.369
0.369
0.369
0.369
0.368
0.372
0.372
0.368
0.364
0.363
0.363
0.363
0.364
0.364
0.364
0.364
0.362
0.362
0.365
0.365
0.371
0.371
0.37
0.36
0.37
0.367
0.367
0.367
0.367
0.367
0.367
0.367
0.368
0.367
0.367
0.368
0.368
0.367
0.367
0.367
0.364
0.364
0.366
0.364
0.364
0.366
0.366
0.373
0.373
0.373
0.371
0.37
0.365
0.365
0.37
0.371
0.371
0.371
0.37
0.37
0.37
0.371
0.371
0.371
0.371
0.37
0.368
0.368
0.368
0.368
0.368
0.368
0.369
0.369
0.372
0.372
0.373
0.372
0.372
0.372
0.373
0.372
0.372
0.37
0.37
0.37
0.37
0.379
0.383
0.383
0.383
0.376
0.376
0.376
0.38
0.38
0.38
0.378
0.378
0.378
0.378
0.378
0.379
0.378
0.377
0.377
0.377
0.377
0.377
0.376
0.387
0.387
0.387
0.386
0.387
0.387
0.387
0.388
0.392
0.392
0.392
0.392
0.393
0.393
0.394
0.395
0.401
0.404
0.401
0.402
0.402
0.401
0.401
0.401
0.401
0.402
0.402
0.402
0.403
0.403
0.403
0.406
0.406
0.406
0.413
0.413
0.409
0.409
0.413
0.414
0.414
0.414
0.417
0.417
0.417
0.423
0.428
0.43
0.43
0.432
0.432
0.429
0.429
0.432
0.438
0.438
0.438
0.438
0.436
0.436
0.436
0.438
0.44
0.44
0.445
0.449
0.449
0.449
0.451
0.451
0.452
0.452
0.452
0.452
0.458
0.458
0.458
0.466
0.468
0.468
0.469
0.472
0.472
0.472
0.472
0.474
0.474
0.474
0.477
0.479
0.479
0.484
0.488
0.493
0.5
0.501
0.504
0.504
0.504
0.504
0.505
0.506
0.508
0.508
0.514
0.519
0.521
0.521
0.521
0.521
0.525
0.527
0.534
0.535
0.535
0.537
0.537
0.541
0.548
0.549
0.55
0.554
0.56
0.561
0.561
0.568
0.569
0.569
0.569
0.569
0.579
0.579
0.582
0.582
0.579
0.578
0.569
0.568
0.568
0.563
0.561
0.559
0.559
0.557
0.558
0.557
0.555
0.553
0.552
0.549
0.546
0.544
0.544
0.544
0.542
0.537
0.535
0.533
0.528
0.528
0.527
0.526
0.526
0.526
0.522
0.52
0.52
0.52
0.514
0.52
0.52
0.514
0.514
0.515
0.514
0.514
0.511
0.509
0.497
0.497
0.5
0.499
0.499
0.5
0.499
0.498
0.497
0.493
0.492
0.492
0.492
0.492
0.492
0.492
0.49
0.487
0.487
0.487
0.487
0.487
0.487
0.487
0.486
0.48
0.48
0.48
0.485
0.485
0.485
0.482
0.482
0.479
0.476
0.476
0.475
0.475
0.474
0.471
0.471
0.472
0.472
0.471
0.472
0.474
0.468
0.474
0.474
0.465
0.462
0.465
0.464
0.464
0.46
0.46
0.459
0.455
0.455
0.455
0.455
0.455
0.46
0.46
0.46
0.452
0.452
0.448
0.448
0.452
0.452
0.453
0.453
0.452
0.449
0.448
0.448
0.449
0.449
0.452
0.452
0.451
0.451
0.451
0.451
0.454
0.454
0.451
0.454
0.454
0.452
0.452
0.457
0.452
0.451
0.451
0.45
0.45
0.451
0.451
0.45
0.45
0.449
0.447
0.449
0.449
0.452
0.452
0.454
0.454
0.454
0.454
0.454
0.452
0.457
0.457
0.453
0.452
0.45
0.45
0.45
0.45
0.452
0.452
0.459
0.459
0.459
0.453
0.453
0.452
0.452
0.452
0.452
0.453
0.453
0.457
0.457
0.457
0.454
0.454
0.447
0.445
0.445
0.445
0.448
0.453
0.456
0.454
0.454
0.456
0.46
0.46
0.46
0.464
0.464
0.456
0.456
0.463
0.463
0.463
0.463
0.461
0.461
0.461
0.461
0.461
0.463
0.463
0.462
0.469
0.464
0.464
0.469
0.469
0.475
0.475
0.471
0.471
0.472
0.471
0.472
0.472
0.471
0.471
0.475
0.475
0.479
0.486
0.486
0.486
0.487
0.487
0.487
0.487
0.487
0.487
0.487
0.498
0.498
0.498
0.498
0.498
0.497
0.504
0.505
0.504
0.504
0.504
0.5
0.5
0.5
0.506
0.507
0.507
0.507
0.509
0.509
0.509
0.511
0.511
0.512
0.512
0.513
0.514
0.515
0.519
0.523
0.523
0.523
0.525
0.53
0.53
0.531
0.531
0.533
0.535
0.538
0.54
0.541
0.541
0.541
0.543
0.541
0.538
0.544
0.544
0.544
0.55
0.554
0.557
0.557
0.56
0.563
0.563
0.563
0.565
0.571
0.573
0.577
0.577
0.577
0.579
0.581
0.586
0.586
0.589
0.6
0.601
0.6
0.6
0.6
0.582
0.581
0.58
0.569
0.568
0.568
0.568
0.565
0.56
0.559
0.553
0.55
0.546
0.539
0.539
0.539
0.538
0.538
0.537
0.53
0.527
0.524
0.522
0.515
0.515
0.517
0.522
0.517
0.52
0.52
0.51
0.51
0.51
0.51
0.51
0.508
0.498
0.498
0.497
0.493
0.492
0.49
0.487
0.489
0.485
0.483
0.485
0.485
0.483
0.477
0.477
0.476
0.474
0.47
0.469
0.467
0.463
0.46
0.46
0.46
0.454
0.454
0.45
0.45
0.45
0.45
0.449
0.449
0.449
0.447
0.448
0.447
0.444
0.444
0.443
0.438
0.436
0.436
0.438
0.439
0.439
0.441
0.441
0.434
0.432
0.434
0.432
0.432
0.428
0.428
0.428
0.428
0.428
0.427
0.426
0.425
0.425
0.424
0.422
0.422
0.422
0.422
0.422
0.424
0.424
0.424
0.418
0.417
0.417
0.414
0.41
0.401
0.401
0.401
0.404
0.404
0.404
0.405
0.402
0.402
0.406
0.406
0.399
0.399
0.398
0.396
0.396
0.396
0.396
0.396
0.396
0.396
0.398
0.399
0.399
0.398
0.397
0.395
0.39
0.39
0.39
0.389
0.393
0.394
0.393
0.393
0.393
0.393
0.393
0.392
0.384
0.384
0.381
0.381
0.381
0.383
0.383
0.383
0.383
0.38
0.38
0.383
0.385
0.383
0.383
0.385
0.38
0.379
0.38
0.381
0.38
0.381
0.382
0.381
0.382
0.382
0.377
0.377
0.379
0.379
0.379
0.379
0.386
0.379
0.386
0.386
0.384
0.384
0.384
0.383
0.384
0.383
0.383
0.379
0.384
0.381
0.384
0.381
0.384
0.383
0.383
0.38
0.383
0.382
0.382
0.383
0.383
0.382
0.378
0.378
0.378
0.382
0.384
0.384
0.384
0.383
0.383
0.382
0.382
0.382
0.382
0.38
0.38
0.386
0.384
0.384
0.384
0.382
0.382
0.382
0.386
0.386
0.386
0.386
0.38
0.38
0.38
0.384
0.386
0.386
0.39
0.39
0.391
0.384
0.385
0.385
0.385
0.385
0.385
0.388
0.388
0.39
0.391
0.391
0.391
0.39
0.391
0.393
0.394
0.394
0.394
0.396
0.396
0.392
0.393
0.396
0.393
0.393
0.393
0.398
0.397
0.398
0.398
0.399
0.398
0.403
0.403
0.403
0.406
0.409
0.409
0.41
0.41
0.409
0.41
0.41
0.406
0.406
0.408
0.408
0.408
0.411
0.413
0.413
0.413
0.415
0.417
0.417
0.422
0.422
0.422
0.422
0.421
0.421
0.424
0.426
0.427
0.427
0.429
0.429
0.428
0.427
0.428
0.427
0.427
0.427
0.434
0.434
0.434
0.434
0.434
0.435
0.434
0.434
0.435
0.444
0.444
0.444
0.443
0.443
0.443
0.443
0.451
0.453
0.453
0.454
0.454
0.457
0.46
0.461
0.467
0.467
0.468
0.468
0.469
0.47
0.47
0.471
0.477
0.48
0.48
0.481
0.481
0.481
0.485
0.487
0.495
0.491
0.491
0.493
0.496
0.494
0.496
0.498
0.5
0.506
0.507
0.509
0.509
0.509
0.509
0.507
