0.871
0.876
0.88
0.876
0.876
0.876
0.876
0.876
0.876
0.875
0.868
0.862
0.862
0.868
0.868
0.868
0.868
0.866
0.866
0.866
0.866
0.866
0.866
0.866
0.865
0.866
0.866
0.863
0.862
0.855
0.855
0.851
0.846
0.845
0.812
0.775
0.62
0.454
0.418
0.381
0.376
0.375
0.371
0.371
0.37
0.366
0.366
0.361
0.361
0.361
0.361
0.362
0.364
0.364
0.367
0.37
0.37
0.37
0.373
0.373
0.372
0.372
0.368
0.368
0.368
0.368
0.368
0.362
0.362
0.368
0.366
0.366
0.368
0.366
0.359
0.356
0.355
0.355
0.355
0.355
0.359
0.359
0.362
0.361
0.362
0.362
0.361
0.361
0.362
0.365
0.366
0.366
0.365
0.366
0.368
0.37
0.37
0.37
0.369
0.369
0.368
0.368
0.365
0.365
0.365
0.365
0.365
0.368
0.368
0.368
0.368
0.366
0.366
0.369
0.369
0.369
0.369
0.369
0.37
0.368
0.368
0.368
0.369
0.369
0.374
0.374
0.378
0.377
0.382
0.382
0.382
0.382
0.384
0.384
0.383
0.384
0.384
0.383
0.384
0.384
0.383
0.383
0.383
0.383
0.389
0.389
0.389
0.387
0.387
0.387
0.387
0.393
0.397
0.397
0.397
0.397
0.399
0.392
0.392
0.403
0.403
0.403
0.405
0.405
0.405
0.405
0.405
0.405
0.403
0.403
0.401
0.401
0.403
0.405
0.411
0.413
0.413
0.414
0.414
0.414
0.414
0.421
0.424
0.425
0.425
0.425
0.425
0.422
0.422
0.421
0.422
0.423
0.432
0.434
0.434
0.432
0.432
0.432
0.432
0.432
0.436
0.437
0.44
0.44
0.441
0.449
0.45
0.451
0.451
0.456
0.456
0.455
0.455
0.459
0.462
0.462
0.462
0.462
0.462
0.462
0.466
0.469
0.469
0.474
0.474
0.476
0.477
0.481
0.481
0.481
0.483
0.483
0.489
0.497
0.497
0.498
0.497
0.497
0.503
0.507
0.508
0.51
0.514
0.516
0.517
0.521
0.523
0.523
0.527
0.529
0.529
0.533
0.539
0.539
0.54
0.541
0.547
0.551
0.556
0.558
0.56
0.558
0.564
0.565
0.565
0.572
0.578
0.578
0.578
0.582
0.583
0.583
0.583
0.591
0.593
0.6
0.604
0.604
0.605
0.609
0.609
0.624
0.624
0.633
0.64
0.644
0.648
0.649
0.649
0.649
0.647
0.643
0.643
0.636
0.636
0.635
0.633
0.624
0.624
0.623
0.622
0.622
0.622
0.62
0.62
0.62
0.617
0.614
0.613
0.608
0.604
0.602
0.601
0.601
0.601
0.601
0.601
0.601
0.601
0.598
0.596
0.594
0.594
0.589
0.595
0.589
0.589
0.589
0.593
0.587
0.587
0.578
0.577
0.577
0.577
0.573
0.573
0.573
0.573
0.571
0.571
0.57
0.57
0.568
0.568
0.57
0.567
0.567
0.564
0.562
0.56
0.56
0.56
0.56
0.558
0.56
0.56
0.559
0.559
0.559
0.557
0.55
0.55
0.55
0.549
0.554
0.554
0.549
0.547
0.547
0.547
0.547
0.548
0.548
0.547
0.549
0.547
0.546
0.542
0.542
0.542
0.542
0.543
0.543
0.541
0.543
0.541
0.541
0.541
0.542
0.542
0.547
0.547
0.543
0.543
0.539
0.539
0.539
0.538
0.538
0.538
0.538
0.539
0.539
0.539
0.539
0.537
0.535
0.535
0.535
0.537
0.537
0.537
0.537
0.54
0.536
0.54
0.54
0.531
0.531
0.531
0.529
0.528
0.528
0.526
0.526
0.525
0.524
0.521
0.522
0.521
0.521
0.522
0.523
0.523
0.527
0.527
0.527
0.524
0.531
0.534
0.534
0.53
0.53
0.53
0.53
0.53
0.532
0.532
0.533
0.531
0.531
0.531
0.533
0.536
0.536
0.536
0.534
0.534
0.534
0.534
0.534
0.532
0.532
0.532
0.537
0.539
0.54
0.541
0.541
0.541
0.544
0.544
0.541
0.543
0.539
0.539
0.538
0.541
0.539
0.541
0.541
0.541
0.543
0.543
0.543
0.543
0.543
0.543
0.543
0.543
0.543
0.543
0.546
0.546
0.546
0.547
0.554
0.555
0.555
0.555
0.555
0.555
0.548
0.548
0.548
0.548
0.552
0.553
0.553
0.553
0.558
0.558
0.554
0.554
0.554
0.554
0.555
0.555
0.556
0.568
0.56
0.56
0.56
0.561
0.561
0.568
0.569
0.569
0.57
0.571
0.571
0.571
0.576
0.582
0.582
0.582
0.578
0.575
0.575
0.578
0.583
0.586
0.589
0.591
0.593
0.593
0.593
0.593
0.593
0.594
0.598
0.599
0.602
0.603
0.611
0.612
0.613
0.614
0.618
0.619
0.62
0.621
0.623
0.625
0.628
0.628
0.629
0.628
0.628
0.627
0.626
0.611
0.611
0.61
0.602
0.602
0.602
0.594
0.589
0.588
0.583
0.578
0.578
0.578
0.572
0.565
0.564
0.562
0.556
0.554
0.552
0.55
0.548
0.546
0.546
0.546
0.538
0.538
0.537
0.537
0.532
0.531
0.531
0.522
0.522
0.518
0.518
0.518
0.509
0.509
0.509
0.506
0.503
0.502
0.501
0.501
0.501
0.501
0.497
0.497
0.497
0.493
0.497
0.493
0.488
0.483
0.483
0.483
0.481
0.481
0.481
0.479
0.474
0.473
0.469
0.464
0.461
0.457
0.457
0.457
0.457
0.461
0.462
0.462
0.461
0.46
0.451
0.451
0.449
0.451
0.449
0.448
0.443
0.443
0.443
0.445
0.439
0.439
0.437
0.437
0.437
0.437
0.437
0.423
0.423
0.423
0.426
0.427
0.427
0.426
0.425
0.425
0.425
0.425
0.425
0.428
0.428
0.423
0.423
0.423
0.419
0.417
0.417
0.419
0.419
0.415
0.406
0.406
0.406
0.406
0.406
0.408
0.409
0.412
0.412
0.41
0.409
0.407
0.404
0.398
0.394
0.392
0.392
0.393
0.394
0.393
0.393
0.393
0.393
0.393
0.394
0.396
0.397
0.396
0.396
0.397
0.397
0.395
0.395
0.395
0.393
0.395
0.393
0.392
0.392
0.386
0.386
0.385
0.385
0.385
0.385
0.385
0.385
0.385
0.385
0.384
0.384
0.385
0.385
0.385
0.385
0.385
0.383
0.382
0.379
0.379
0.377
0.377
0.379
0.382
0.377
0.377
0.38
0.377
0.374
0.374
0.374
0.374
0.375
0.375
0.373
0.375
0.375
0.375
0.377
0.377
0.375
0.37
0.37
0.37
0.376
0.377
0.377
0.376
0.373
0.37
0.37
0.373
0.375
0.375
0.377
0.375
0.375
0.382
0.382
0.382
0.382
0.383
0.384
0.384
0.378
0.381
0.378
0.378
0.38
0.38
0.38
0.38
0.38
0.382
0.382
0.377
0.378
0.377
0.377
0.377
0.377
0.377
0.377
0.376
0.376
0.376
0.377
0.377
0.377
0.377
0.377
0.377
0.377
0.379
0.38
0.379
0.38
0.382
0.381
0.382
0.382
0.381
0.38
0.379
0.374
0.379
0.378
0.378
0.382
0.382
0.384
0.384
0.384
0.383
0.382
0.377
0.377
0.377
0.377
0.382
0.382
0.383
0.383
0.385
0.384
0.384
0.385
0.386
0.39
0.391
0.391
0.391
0.392
0.392
0.393
0.393
0.395
0.395
0.395
0.395
0.395
0.395
0.395
0.399
0.4
0.403
0.403
0.403
0.404
0.404
0.4
0.404
0.404
0.41
0.411
0.414
0.415
0.415
0.416
0.419
0.419
0.413
0.419
0.417
0.417
0.419
0.419
0.423
0.428
0.428
0.424
0.426
0.424
0.424
0.426
0.43
0.43
0.43
0.426
0.426
0.426
0.441
0.443
0.445
0.445
0.445
0.445
0.444
0.444
0.45
0.444
0.45
0.45
0.45
0.451
0.451
0.451
0.452
0.455
0.458
0.46
0.46
0.46
0.464
0.464
0.464
0.467
0.467
0.469
0.467
0.474
0.474
0.476
0.476
0.477
0.477
0.481
0.484
0.488
0.488
0.489
0.492
0.492
0.496
0.499
0.501
0.502
0.503
0.504
0.511
0.512
0.517
0.517
0.518
0.518
0.517
0.518
0.518
0.518
0.525
0.528
0.528
0.528
0.531
0.531
0.54
0.54
0.541
0.541
0.547
0.553
0.555
0.563
0.563
0.567
0.567
0.573
0.574
0.581
0.581
0.582
0.583
0.585
0.593
0.598
0.601
0.608
0.608
0.609
0.611
0.613
0.617
0.627
0.63
0.631
0.634
0.638
0.639
0.639
0.639
0.641
0.639
0.637
0.634
0.627
0.625
0.625
0.627
0.627
0.627
0.627
0.615
0.615
0.612
0.615
0.612
0.611
0.609
0.608
0.608
0.611
0.608
0.608
0.608
0.597
0.597
0.597
0.595
0.595
0.595
0.595
0.591
0.591
0.591
0.591
0.591
0.587
0.586
0.586
0.584
0.582
0.582
0.58
0.58
0.579
0.579
0.579
0.579
0.573
0.57
0.57
0.572
0.572
0.572
0.572
0.566
0.566
0.563
0.565
0.565
0.565
0.562
0.562
0.562
0.562
0.562
0.553
0.553
0.553
0.55
0.55
0.55
0.55
