0.538
0.538
0.54
0.542
0.542
0.542
0.542
0.542
0.544
0.544
0.545
0.546
0.548
0.555
0.555
0.555
0.554
0.554
0.554
0.555
0.556
0.559
0.559
0.561
0.564
0.565
0.565
0.565
0.565
0.565
0.565
0.568
0.57
0.57
0.577
0.577
0.577
0.581
0.582
0.582
0.583
0.583
0.587
0.582
0.586
0.584
0.585
0.585
0.586
0.588
0.589
0.593
0.593
0.595
0.597
0.598
0.601
0.602
0.602
0.603
0.604
0.609
0.607
0.611
0.614
0.612
0.614
0.614
0.614
0.621
0.624
0.624
0.626
0.626
0.632
0.639
0.639
0.639
0.639
0.641
0.643
0.644
0.644
0.65
0.651
0.651
0.651
0.651
0.651
0.653
0.655
0.657
0.662
0.662
0.665
0.67
0.667
0.677
0.677
0.677
0.677
0.678
0.677
0.679
0.684
0.689
0.692
0.701
0.707
0.707
0.71
0.714
0.718
0.718
0.716
0.718
0.722
0.716
0.722
0.726
0.735
0.739
0.74
0.741
0.741
0.741
0.746
0.755
0.757
0.765
0.766
0.775
0.78
0.787
0.787
0.79
0.795
0.797
0.806
0.806
0.806
0.809
0.816
0.821
0.826
0.833
0.833
0.837
0.85
0.858
0.863
0.863
0.865
0.877
0.881
0.882
0.886
0.89
0.893
0.909
0.915
0.923
0.927
0.927
0.933
0.944
0.945
0.954
0.957
0.97
0.976
0.978
0.978
0.979
0.979
0.976
0.973
0.967
0.963
0.963
0.957
0.955
0.955
0.955
0.954
0.953
0.953
0.945
0.945
0.945
0.945
0.944
0.942
0.934
0.931
0.931
0.93
0.928
0.927
0.927
0.924
0.92
0.92
0.919
0.916
0.915
0.915
0.914
0.908
0.908
0.907
0.905
0.904
0.893
0.89
0.89
0.886
0.886
0.883
0.882
0.881
0.878
0.873
0.869
0.868
0.866
0.863
0.861
0.856
0.849
0.849
0.849
0.851
0.856
0.856
0.856
0.862
0.862
0.862
0.862
0.862
0.862
0.864
0.864
0.862
0.862
0.863
0.863
0.863
0.864
0.865
0.865
0.867
0.867
0.864
0.859
0.861
0.861
0.861
0.861
0.861
0.86
0.846
0.818
0.767
0.682
0.453
0.404
0.39
0.373
0.372
0.371
0.37
0.365
0.363
0.363
0.363
0.363
0.361
0.361
0.361
0.361
0.361
0.367
0.365
0.367
0.37
0.371
0.372
0.372
0.372
0.368
0.368
0.368
0.368
0.368
0.365
0.365
0.365
0.362
0.362
0.362
0.362
0.368
0.368
0.368
0.366
0.363
0.363
0.363
0.363
0.363
0.363
0.363
0.363
0.363
0.363
0.364
0.364
0.367
0.364
0.365
0.365
0.365
0.365
0.365
0.362
0.361
0.362
0.362
0.368
0.368
0.368
0.368
0.368
0.369
0.369
0.37
0.37
0.37
0.368
0.368
0.368
0.369
0.369
0.376
0.376
0.377
0.378
0.379
0.379
0.379
0.379
0.38
0.38
0.379
0.379
0.377
0.377
0.377
0.377
0.376
0.377
0.377
0.382
0.376
0.382
0.385
0.386
0.387
0.387
0.387
0.387
0.387
0.387
0.39
0.39
0.39
0.391
0.391
0.391
0.392
0.391
0.391
0.392
0.396
0.401
0.403
0.403
0.401
0.406
0.394
0.394
0.396
0.396
0.396
0.398
0.402
0.403
0.405
0.407
0.407
0.408
0.408
0.412
0.412
0.412
0.411
0.411
0.411
0.411
0.417
0.422
0.423
0.422
0.423
0.425
0.427
0.432
0.432
0.434
0.434
0.432
0.434
0.437
0.437
0.437
0.443
0.442
0.443
0.443
0.443
0.442
0.447
0.442
0.444
0.444
0.448
0.454
0.456
0.456
0.456
0.459
0.459
0.463
0.463
0.466
0.47
0.47
0.471
0.471
0.47
0.47
0.472
0.474
0.476
0.476
0.481
0.485
0.489
0.489
0.492
0.489
0.489
0.498
0.498
0.499
0.501
0.499
0.501
0.507
0.505
0.509
0.515
0.515
0.515
0.518
0.52
0.525
0.525
0.526
0.53
0.535
0.537
0.538
0.538
0.538
0.545
0.545
0.545
0.545
0.547
0.551
0.557
0.557
0.557
0.564
0.566
0.567
0.57
0.57
0.581
0.582
0.588
0.591
0.593
0.593
0.601
0.604
0.609
0.611
0.616
0.617
0.621
0.622
0.625
0.633
0.635
0.635
0.633
0.632
0.63
0.628
0.625
0.625
0.621
0.621
0.617
0.612
0.611
0.612
0.611
0.609
0.611
0.611
0.609
0.609
0.603
0.603
0.601
0.597
0.595
0.597
0.595
0.595
0.595
0.589
0.589
0.588
0.588
0.583
0.588
0.586
0.586
0.589
0.589
0.586
0.58
0.578
0.574
0.574
0.574
0.573
0.573
0.571
0.569
0.568
0.566
0.565
0.564
0.563
0.556
0.555
0.555
0.555
0.555
0.555
0.556
0.555
0.556
0.556
0.556
0.556
0.556
0.551
0.551
0.549
0.549
0.549
0.546
0.546
0.546
0.551
0.551
0.551
0.541
0.541
0.541
0.547
0.547
0.547
0.543
0.543
0.543
0.543
0.54
0.541
0.54
0.537
0.537
0.539
0.537
0.532
0.536
0.534
0.534
0.534
0.534
0.534
0.532
0.532
0.532
0.537
0.532
0.537
0.539
0.539
0.539
0.539
0.528
0.527
0.527
0.527
0.537
0.538
0.539
0.539
0.538
0.532
0.532
0.53
0.529
0.529
0.529
0.529
0.529
0.531
0.531
0.531
0.531
0.531
0.525
0.523
0.525
0.525
0.523
0.523
0.522
0.522
0.519
0.518
0.518
0.517
0.517
0.521
0.525
0.521
0.523
0.525
0.525
0.534
0.534
0.536
0.536
0.528
0.527
0.527
0.527
0.527
0.527
0.528
0.531
0.531
0.533
0.533
0.533
0.537
0.542
0.542
0.542
0.54
0.539
0.536
0.539
0.539
0.539
0.541
0.541
0.541
0.541
0.539
0.539
0.539
0.539
0.539
0.542
0.546
0.546
0.544
0.544
0.543
0.543
0.543
0.546
0.546
0.547
0.547
0.547
0.546
0.547
0.547
0.549
0.547
0.549
0.549
0.552
0.553
0.557
0.557
0.554
0.553
0.554
0.554
0.556
0.556
0.556
0.556
0.556
0.562
0.562
0.563
0.567
0.568
0.568
0.567
0.567
0.566
0.566
0.567
0.57
0.57
0.575
0.575
0.576
0.579
0.579
0.577
0.58
0.581
0.584
0.586
0.586
0.586
0.586
0.586
0.586
0.588
0.591
0.594
0.595
0.597
0.597
0.597
0.596
0.596
0.596
0.599
0.605
0.608
0.608
0.607
0.607
0.613
0.616
0.617
0.622
0.629
0.631
0.632
0.632
0.635
0.636
0.636
0.636
0.637
0.637
0.636
0.629
0.629
0.626
0.624
0.623
0.607
0.6
0.6
0.6
0.6
0.6
0.592
0.591
0.586
0.586
0.583
0.577
0.577
0.57
0.57
0.569
0.565
0.559
0.558
0.555
0.555
0.548
0.546
0.544
0.541
0.534
0.534
0.532
0.532
0.531
0.529
0.528
0.528
0.517
0.515
0.513
0.513
0.511
0.513
0.511
0.511
0.503
0.503
0.502
0.5
0.5
0.488
0.487
0.482
0.482
0.48
0.479
0.479
0.479
0.479
0.479
0.478
0.477
0.477
0.476
0.472
0.467
0.466
0.466
0.464
0.464
0.463
0.453
0.453
0.453
0.455
0.453
0.453
0.45
0.45
0.45
0.45
0.447
0.45
0.445
0.444
0.439
0.439
0.439
0.437
0.437
0.437
0.439
0.437
0.437
0.437
0.432
0.431
0.43
0.43
0.43
0.426
0.426
0.427
0.426
0.425
0.425
0.418
0.416
0.416
0.418
0.416
0.415
0.412
0.408
0.408
0.402
0.412
0.402
0.412
0.412
0.412
0.409
0.409
0.409
0.409
0.405
0.4
0.398
0.396
0.396
0.396
0.398
0.396
0.394
0.394
0.394
0.394
0.394
0.396
0.392
0.396
0.392
0.392
0.392
0.393
0.391
0.391
0.389
0.389
0.389
0.389
0.389
0.389
0.388
0.387
0.383
0.383
0.383
0.383
0.383
0.385
0.385
0.385
0.385
0.382
0.38
0.381
0.38
0.38
0.373
0.373
0.372
0.372
0.376
0.377
0.376
0.376
0.377
0.379
0.376
0.38
0.38
0.376
0.376
0.373
0.373
0.373
0.373
0.373
0.373
0.373
0.371
0.371
0.369
0.369
0.37
0.37
0.366
0.37
0.374
0.372
0.374
0.374
0.372
0.372
0.377
0.373
0.373
0.377
0.373
0.373
0.374
0.374
0.372
0.374
0.375
0.373
0.375
0.376
0.376
0.376
0.376
0.376
0.376
0.376
0.376
0.376
0.375
0.375
0.375
0.375
0.373
0.377
0.376
0.377
0.376
0.376
0.376
0.37
0.37
0.371
0.37
0.371
0.371
0.372
0.372
0.372
0.372
0.372
0.374
0.374
0.375
0.374
0.375
0.375
0.375
0.375
0.375
0.375
0.375
0.378
0.378
0.378
0.378
0.378
0.378
0.378
0.378
0.379
0.381
0.381
0.381
0.382
0.382
0.38
0.38
0.38
0.38
0.38
0.38
0.38
0.38
