 0.54
 0.54
 0.541
 0.547
 0.55
 0.547
 0.551
 0.551
 0.551
 0.551
 0.553
 0.558
 0.565
 0.567
 0.573
 0.573
 0.579
 0.586
 0.591
 0.592
 0.594
 0.594
 0.6
 0.6
 0.603
 0.606
 0.611
 0.612
 0.622
 0.624
 0.624
 0.629
 0.629
 0.624
 0.615
 0.61
 0.608
 0.608
 0.602
 0.601
 0.601
 0.601
 0.598
 0.595
 0.593
 0.593
 0.589
 0.589
 0.589
 0.589
 0.585
 0.585
 0.574
 0.571
 0.571
 0.571
 0.57
 0.571
 0.571
 0.57
 0.57
 0.564
 0.564
 0.567
 0.567
 0.565
 0.565
 0.563
 0.557
 0.561
 0.557
 0.557
 0.556
 0.555
 0.555
 0.556
 0.555
 0.555
 0.556
 0.555
 0.55
 0.555
 0.556
 0.555
 0.55
 0.557
 0.549
 0.549
 0.549
 0.549
 0.548
 0.543
 0.543
 0.548
 0.543
 0.55
 0.55
 0.55
 0.547
 0.548
 0.547
 0.547
 0.544
 0.538
 0.537
 0.537
 0.537
 0.537
 0.535
 0.535
 0.534
 0.533
 0.533
 0.532
 0.532
 0.535
 0.535
 0.532
 0.531
 0.531
 0.531
 0.531
 0.532
 0.532
 0.529
 0.528
 0.529
 0.529
 0.529
 0.527
 0.526
 0.526
 0.526
 0.526
 0.524
 0.526
 0.525
 0.525
 0.525
 0.526
 0.526
 0.526
 0.522
 0.522
 0.522
 0.516
 0.521
 0.516
 0.521
 0.521
 0.524
 0.524
 0.524
 0.519
 0.515
 0.515
 0.515
 0.515
 0.52
 0.52
 0.517
 0.517
 0.51
 0.51
 0.51
 0.51
 0.51
 0.51
 0.51
 0.51
 0.51
 0.509
 0.509
 0.5
 0.5
 0.5
 0.499
 0.499
 0.492
 0.488
 0.477
 0.468
 0.468
 0.458
 0.457
 0.457
 0.455
 0.429
 0.408
 0.393
 0.362
 0.357
 0.298
 0.297
 0.228
 0.225
 0.215
 0.151
 0.145
 0.141
 0.125
 0.115
 0.094
 0.093
 0.093
 0.093
 0.093
 0.093
 0.103
 0.106
 0.122
 0.122
 0.164
 0.203
 0.209
 0.255
 0.272
 0.364
 0.391
 0.392
 0.417
 0.427
 0.432
 0.463
 0.471
 0.477
 0.477
 0.477
 0.483
 0.49
 0.491
 0.494
 0.498
 0.505
 0.505
 0.507
 0.509
 0.512
 0.515
 0.515
 0.516
 0.517
 0.516
 0.52
 0.521
 0.526
 0.529
 0.531
 0.531
 0.531
 0.532
 0.532
 0.532
 0.53
 0.532
 0.532
 0.532
 0.537
 0.537
 0.537
 0.532
 0.532
 0.532
 0.539
 0.539
 0.541
 0.539
 0.541
 0.54
 0.54
 0.54
 0.541
 0.55
 0.55
 0.554
 0.554
 0.558
 0.562
 0.564
 0.564
 0.57
 0.565
 0.57
 0.57
 0.572
 0.58
 0.582
 0.586
 0.587
 0.59
 0.594
 0.594
 0.595
 0.596
 0.595
 0.595
 0.596
 0.596
 0.6
 0.602
 0.605
 0.605
 0.605
 0.605
 0.609
 0.613
 0.614
 0.614
 0.617
 0.62
 0.629
 0.629
 0.63
 0.63
 0.63
 0.63
 0.631
 0.635
 0.635
 0.635
 0.638
 0.638
 0.639
 0.643
 0.644
 0.648
 0.648
 0.653
 0.653
 0.654
 0.654
 0.66
 0.665
 0.667
 0.67
 0.667
 0.671
 0.673
 0.677
 0.675
 0.677
 0.682
 0.683
 0.683
 0.688
 0.688
 0.69
 0.696
 0.701
 0.702
 0.706
 0.71
 0.713
 0.717
 0.72
 0.72
 0.722
 0.723
 0.724
 0.724
 0.725
 0.733
 0.733
 0.733
 0.736
 0.749
 0.753
 0.765
 0.765
 0.765
 0.767
 0.77
 0.779
 0.783
 0.793
 0.793
 0.798
 0.801
 0.806
 0.806
 0.815
 0.825
 0.825
 0.825
 0.825
 0.835
 0.84
 0.848
 0.854
 0.862
 0.87
 0.87
 0.879
 0.88
 0.88
 0.882
 0.886
 0.902
 0.906
 0.91
 0.912
 0.914
 0.924
 0.933
 0.934
 0.954
 0.955
 0.956
 0.971
 0.972
 0.982
 0.982
 0.972
 0.972
 0.972
 0.97
 0.969
 0.968
 0.966
 0.962
 0.96
 0.959
 0.959
 0.958
 0.958
 0.957
 0.957
 0.957
 0.95
 0.943
 0.943
 0.943
 0.939
 0.936
 0.936
 0.926
 0.925
 0.923
 0.923
 0.922
 0.919
 0.917
 0.915
 0.915
 0.914
 0.912
 0.912
 0.912
 0.912
 0.912
 0.912
 0.907
 0.905
 0.905
 0.908
 0.905
 0.902
 0.902
 0.902
 0.901
 0.901
 0.896
 0.894
 0.893
 0.893
 0.892
 0.892
 0.892
 0.885
 0.883
 0.882
 0.877
 0.877
 0.876
 0.876
 0.876
 0.876
 0.875
 0.875
 0.873
 0.873
 0.869
 0.869
 0.869
 0.869
 0.865
 0.865
 0.863
 0.863
 0.858
 0.855
 0.855
 0.855
 0.855
 0.853
 0.852
 0.85
 0.848
 0.848
 0.847
 0.842
 0.834
 0.823
 0.79
 0.737
 0.568
 0.413
 0.373
 0.37
 0.366
 0.366
 0.364
 0.364
 0.366
 0.366
 0.366
 0.366
 0.365
 0.362
 0.361
 0.361
 0.361
 0.368
 0.369
 0.369
 0.369
 0.368
 0.369
 0.369
 0.371
 0.372
 0.372
 0.371
 0.367
 0.367
 0.367
 0.367
 0.37
 0.37
 0.369
 0.369
 0.361
 0.361
 0.361
 0.365
 0.365
 0.368
 0.368
 0.364
 0.363
 0.362
 0.361
 0.362
 0.362
 0.361
 0.362
 0.362
 0.362
 0.362
 0.363
 0.365
 0.365
 0.365
 0.37
 0.365
 0.365
 0.365
 0.366
 0.364
 0.361
 0.361
 0.363
 0.363
 0.364
 0.364
 0.364
 0.361
 0.361
 0.361
 0.361
 0.361
 0.365
 0.367
 0.368
 0.372
 0.372
 0.372
 0.372
 0.373
 0.373
 0.374
 0.379
 0.379
 0.38
 0.38
 0.378
 0.374
 0.378
 0.378
 0.376
 0.378
 0.378
 0.378
 0.378
 0.378
 0.378
 0.376
 0.376
 0.384
 0.384
 0.384
 0.387
 0.387
 0.387
 0.387
 0.387
 0.387
 0.388
 0.388
 0.388
 0.388
 0.388
 0.389
 0.391
 0.395
 0.398
 0.398
 0.398
 0.398
 0.401
 0.402
 0.402
 0.401
 0.402
 0.403
 0.403
 0.404
 0.405
 0.411
 0.414
 0.414
 0.414
 0.422
 0.414
 0.415
 0.419
 0.419
 0.419
 0.419
 0.419
 0.422
 0.422
 0.422
 0.422
 0.428
 0.429
 0.428
 0.428
 0.429
 0.429
 0.429
 0.43
 0.433
 0.435
 0.436
 0.437
 0.436
 0.44
 0.44
 0.44
 0.44
 0.441
 0.451
 0.451
 0.452
 0.455
 0.452
 0.455
 0.455
 0.455
 0.455
 0.457
 0.462
 0.462
 0.467
 0.468
 0.468
 0.468
 0.471
 0.477
 0.478
 0.477
 0.477
 0.478
 0.478
 0.478
 0.482
 0.486
 0.492
 0.493
 0.497
 0.498
 0.499
 0.499
 0.5
 0.502
 0.502
 0.502
 0.504
 0.507
 0.512
 0.514
 0.52
 0.523
 0.523
 0.525
 0.527
 0.529
 0.537
 0.539
 0.541
 0.542
 0.546
 0.548
 0.55
 0.552
 0.554
 0.556
 0.56
 0.56
 0.564
 0.564
 0.565
 0.574
 0.574
 0.576
 0.576
 0.586
 0.587
 0.589
 0.59
 0.594
 0.596
 0.595
 0.604
 0.605
 0.607
 0.618
 0.619
 0.628
 0.63
 0.631
 0.635
 0.641
 0.641
 0.644
 0.643
 0.643
 0.644
 0.643
 0.638
 0.637
 0.632
 0.631
 0.63
 0.631
 0.627
 0.626
 0.626
 0.625
 0.623
 0.619
 0.618
 0.615
 0.615
 0.615
 0.612
 0.612
 0.616
 0.61
 0.607
 0.61
 0.602
 0.602
 0.601
 0.601
 0.597
 0.599
 0.597
 0.595
 0.595
 0.592
 0.592
 0.589
 0.589
 0.589
 0.587
 0.586
 0.586
 0.577
 0.576
 0.576
 0.575
 0.572
 0.567
 0.567
 0.567
 0.571
 0.571
 0.573
 0.571
 0.569
 0.565
 0.565
 0.56
 0.56
 0.56
 0.558
 0.558
 0.558
 0.558
 0.559
 0.559
 0.559
 0.565
 0.559
 0.557
 0.557
 0.557
 0.557
 0.558
 0.558
 0.558
 0.552
 0.552
 0.552
 0.552
 0.552
 0.552
 0.552
 0.551
 0.551
 0.552
 0.551
 0.547
 0.547
 0.547
 0.547
 0.547
 0.543
 0.55
 0.545
 0.545
 0.543
 0.545
 0.544
 0.541
 0.541
 0.54
 0.54
 0.538
 0.538
 0.538
 0.538
 0.538
 0.538
 0.543
 0.54
 0.54
 0.54
 0.54
 0.533
 0.531
 0.531
 0.533
 0.533
 0.535
 0.538
 0.54
 0.54
 0.542
 0.542
 0.542
 0.537
 0.533
 0.533
 0.532
 0.532
 0.529
 0.528
 0.526
 0.526
 0.528
 0.528
 0.528
 0.528
 0.524
 0.524
 0.524
 0.524
 0.528
 0.529
 0.529
 0.532
 0.534
 0.534
 0.534
 0.534
 0.532
 0.532
 0.535
 0.534
 0.534
 0.536
 0.535
 0.535
 0.538
 0.538
 0.535
 0.537
 0.537
 0.537
 0.537
 0.537
 0.539
 0.536
 0.536
 0.539
 0.539
 0.538
 0.539
 0.539
 0.539
 0.539
 0.545
 0.545
 0.545
 0.545
 0.546
 0.538
 0.546
 0.542
 0.542
 0.541
 0.542
 0.542
 0.547
 0.547
 0.549
 0.549
 0.55
 0.548
 0.548
 0.548
 0.548
 0.548
 0.548
 0.548
 0.551
 0.551
 0.553
 0.551
 0.551
 0.551
 0.554
 0.551
 0.556
 0.557
 0.557
 0.557
 0.557
 0.557
 0.557
 0.562
 0.564
 0.564
 0.564
 0.564
 0.564
 0.564
 0.566
 0.566
 0.569
 0.57
 0.57
 0.572
 0.572
 0.574
 0.572
 0.572
 0.574
 0.58
 0.58
 0.582
 0.583
 0.583
 0.583
 0.583
 0.583
 0.583
 0.584
 0.588
 0.592
 0.595
 0.595
 0.592
 0.595
 0.592
 0.592
 0.602
 0.602
 0.603
 0.605
 0.606
 0.605
 0.607
 0.608
 0.607
 0.608
 0.618
 0.618
 0.618
 0.618
 0.621
 0.622
 0.622
 0.622
 0.627
 0.627
 0.627
 0.629
 0.639
 0.639
 0.639
 0.637
 0.631
 0.622
 0.62
 0.62
 0.618
 0.618
 0.606
 0.606
 0.603
 0.601
 0.598
 0.598
 0.591
 0.589
 0.584
 0.578
 0.576
 0.575
 0.568
 0.563
 0.558
 0.552
 0.551
 0.551
 0.551
 0.551
 0.548
 0.548
 0.544
 0.544
 0.538
 0.536
 0.532
 0.53
 0.528
 0.521
 0.521
 0.518
 0.518
 0.517
 0.513
 0.513
 0.512
 0.502
 0.501