0.564
0.566
0.57
0.571
0.573
0.577
0.578
0.579
0.58
0.581
0.592
0.592
0.592
0.592
0.597
0.597
0.601
0.602
0.602
0.604
0.604
0.605
0.605
0.607
0.607
0.605
0.604
0.603
0.6
0.596
0.596
0.596
0.596
0.598
0.598
0.598
0.596
0.592
0.59
0.589
0.589
0.589
0.584
0.593
0.593
0.584
0.584
0.587
0.586
0.586
0.586
0.586
0.582
0.582
0.579
0.579
0.578
0.576
0.573
0.57
0.569
0.569
0.563
0.56
0.556
0.554
0.554
0.554
0.554
0.555
0.557
0.557
0.555
0.553
0.553
0.55
0.55
0.55
0.552
0.552
0.553
0.553
0.553
0.551
0.551
0.549
0.546
0.543
0.543
0.543
0.545
0.545
0.545
0.538
0.533
0.531
0.531
0.532
0.531
0.532
0.534
0.535
0.535
0.535
0.536
0.53
0.524
0.524
0.524
0.52
0.524
0.525
0.525
0.526
0.526
0.527
0.527
0.527
0.518
0.518
0.518
0.515
0.515
0.519
0.519
0.513
0.513
0.513
0.513
0.513
0.516
0.516
0.516
0.521
0.521
0.521
0.521
0.521
0.52
0.52
0.52
0.52
0.518
0.517
0.518
0.518
0.518
0.518
0.518
0.518
0.518
0.518
0.518
0.515
0.515
0.514
0.514
0.514
0.512
0.51
0.51
0.51
0.506
0.503
0.503
0.499
0.499
0.499
0.499
0.501
0.501
0.501
0.501
0.501
0.501
0.501
0.501
0.499
0.5
0.499
0.5
0.499
0.499
0.499
0.497
0.497
0.5
0.502
0.502
0.502
0.5
0.502
0.498
0.498
0.5
0.502
0.505
0.506
0.506
0.506
0.511
0.511
0.515
0.515
0.512
0.51
0.508
0.508
0.508
0.506
0.508
0.507
0.507
0.514
0.514
0.516
0.52
0.516
0.516
0.52
0.52
0.52
0.52
0.52
0.518
0.516
0.518
0.518
0.518
0.521
0.524
0.528
0.528
0.532
0.532
0.528
0.527
0.528
0.527
0.527
0.527
0.525
0.525
0.525
0.525
0.527
0.528
0.528
0.527
0.524
0.523
0.518
0.523
0.524
0.532
0.532
0.533
0.534
0.533
0.519
0.519
0.509
0.499
0.457
0.445
0.001
0.001
0.001
0.001
0.001
0.001
0.001
0.001
0.001
0.001
0.001
0.001
0.001
0.001
0.001
0.001
0.001
0.001
0.001
0.482
0.541
0.562
0.57
0.57
0.574
0.578
0.579
0.582
0.582
0.587
0.591
0.592
0.595
0.6
0.605
0.605
0.609
0.609
0.609
0.609
0.615
0.616
0.623
0.623
0.626
0.63
0.63
0.63
0.632
0.632
0.63
0.625
0.613
0.592
0.577
0.563
0.542
0.52
0.513
0.5
0.494
0.5
0.5
0.52
0.548
0.562
0.562
0.575
0.602
0.604
0.609
0.626
0.646
0.646
0.655
0.657
0.657
0.671
0.683
0.683
0.688
0.696
0.705
0.706
0.708
0.72
0.721
0.725
0.736
0.739
0.739
0.746
0.75
0.75
0.752
0.761
0.774
0.776
0.777
0.777
0.78
0.79
0.794
0.796
0.8
0.808
0.808
0.812
0.822
0.826
0.83
0.831
0.837
0.846
0.846
0.85
0.857
0.873
0.873
0.879
0.88
0.884
0.884
0.897
0.897
0.911
0.913
0.915
0.925
0.932
0.933
0.945
0.947
0.952
0.963
0.975
0.975
0.97
0.98
0.977
0.97
0.97
0.968
0.968
0.964
0.953
0.953
0.952
0.95
0.947
0.946
0.946
0.946
0.948
0.948
0.948
0.944
0.941
0.937
0.931
0.928
0.927
0.924
0.924
0.924
0.924
0.924
0.922
0.922
0.917
0.915
0.915
0.913
0.913
0.912
0.911
0.911
0.906
0.904
0.904
0.904
0.9
0.9
0.898
0.897
0.893
0.891
0.89
0.888
0.888
0.885
0.885
0.882
0.882
0.882
0.882
0.88
0.882
0.88
0.876
0.876
0.875
0.871
0.871
0.871
0.872
0.871
0.871
0.871
0.865
0.862
0.862
0.86
0.86
0.862
0.862
0.859
0.859
0.859
0.852
0.855
0.854
0.854
0.854
0.855
0.854
0.851
0.832
0.825
0.807
0.76
0.626
0.427
0.375
0.365
0.365
0.36
0.36
0.359
0.355
0.355
0.355
0.358
0.365
0.365
0.365
0.365
0.361
0.36
0.361
0.367
0.361
0.367
0.367
0.363
0.363
0.367
0.37
0.37
0.37
0.371
0.37
0.37
0.37
0.366
0.362
0.363
0.362
0.362
0.363
0.363
0.362
0.363
0.363
0.362
0.362
0.362
0.362
0.362
0.36
0.364
0.364
0.364
0.364
0.364
0.366
0.366
0.366
0.367
0.367
0.367
0.365
0.364
0.363
0.363
0.363
0.364
0.368
0.368
0.369
0.369
0.369
0.361
0.365
0.365
0.365
0.364
0.364
0.364
0.364
0.367
0.367
0.367
0.365
0.365
0.365
0.369
0.376
0.376
0.376
0.376
0.375
0.374
0.374
0.374
0.374
0.375
0.381
0.383
0.386
0.386
0.388
0.388
0.385
0.385
0.387
0.385
0.387
0.387
0.38
0.38
0.382
0.382
0.391
0.391
0.388
0.392
0.395
0.388
0.392
0.397
0.393
0.392
0.393
0.397
0.393
0.4
0.4
0.401
0.397
0.401
0.407
0.412
0.408
0.413
0.408
0.413
0.412
0.412
0.411
0.411
0.411
0.411
0.413
0.42
0.42
0.422
0.423
0.426
0.426
0.431
0.431
0.431
0.426
0.426
0.426
0.43
0.434
0.435
0.438
0.441
0.442
0.442
0.442
0.442
0.446
0.446
0.446
0.447
0.45
0.451
0.451
0.45
0.452
0.452
0.454
0.455
0.455
0.461
0.461
0.461
0.465
0.467
0.467
0.467
0.474
0.475
0.474
0.475
0.478
0.478
0.482
0.491
0.491
0.491
0.491
0.491
0.491
0.496
0.496
0.498
0.499
0.499
0.502
0.502
0.509
0.51
0.51
0.51
0.516
0.517
0.521
0.525
0.525
0.527
0.529
0.531
0.542
0.547
0.547
0.547
0.55
0.552
0.552
0.555
0.564
0.564
0.564
0.566
0.57
0.57
0.573
0.584
0.589
0.59
0.59
0.591
0.596
0.599
0.606
0.611
0.614
0.618
0.618
0.619
0.624
0.63
0.639
0.64
0.649
0.649
0.649
0.645
0.644
0.644
0.644
0.637
0.637
0.637
0.637
0.631
0.63
0.631
0.625
0.625
0.621
0.621
0.62
0.616
0.616
0.616
0.616
0.616
0.612
0.609
0.608
0.605
0.605
0.6
0.605
0.605
0.599
0.599
0.596
0.596
0.593
0.591
0.588
0.588
0.587
0.587
0.585
0.585
0.584
0.581
0.582
0.581
0.581
0.574
0.573
0.573
0.573
0.573
0.575
0.575
0.573
0.573
0.573
0.573
0.573
0.573
0.57
0.568
0.567
0.564
0.567
0.564
0.561
0.561
0.558
0.552
0.552
0.552
0.558
0.561
0.561
0.559
0.558
0.554
0.554
0.553
0.551
0.55
0.549
0.549
0.548
0.549
0.547
0.547
0.547
0.543
0.543
0.544
0.548
0.544
0.545
0.548
0.545
0.543
0.543
0.54
0.54
0.54
0.54
0.543
0.543
0.54
0.538
0.538
0.536
0.538
0.54
0.54
0.538
0.539
0.538
0.538
0.538
0.534
0.534
0.534
0.537
0.534
0.534
0.534
0.537
0.538
0.538
0.538
0.537
0.535
0.535
0.535
0.535
0.534
0.528
0.528
0.531
0.531
0.531
0.531
0.531
0.528
0.527
0.527
0.526
0.526
0.525
0.524
0.524
0.525
0.533
0.534
0.534
0.533
0.531
0.529
0.529
0.531
0.532
0.537
0.538
0.537
0.535
0.539
0.537
0.537
0.541
0.541
0.537
0.536
0.534
0.534
0.536
0.534
0.537
0.54
0.543
0.543
0.543
0.543
0.54
0.54
0.543
0.543
0.543
0.544
0.544
0.544
0.543
0.544
0.549
0.549
0.549
0.551
0.549
0.544
0.544
0.547
0.547
0.548
0.551
0.551
0.553
0.554
0.558
0.555
0.555
0.558
0.555
0.555
0.556
0.556
0.556
0.561
0.561
0.561
0.561
0.557
0.557
0.558
0.557
0.558
0.563
0.563
0.563
0.564
0.564
0.565
0.565
0.565
0.566
0.576
0.578
0.579
0.579
0.579
0.579
0.579
0.576
0.58
0.58
0.581
0.58
0.586
0.586
0.586
0.588
0.589
0.594
0.595
0.595
0.594
0.594
0.596
0.598
0.599
0.604
0.61
0.606
0.606
0.61
0.61
0.611
0.614
0.614
0.615
0.613
0.62
0.622
0.625
0.627
0.635
0.638
0.638
0.635
0.635
0.634
0.634
0.631
0.629
0.628
0.623
0.621
0.617
0.616
0.613
0.609
0.608
0.602
0.6
0.599
0.586
0.586
0.584
0.584
0.578
0.569
0.569
0.564
0.564
0.564
0.563
0.557
0.554
0.553
0.546
0.546
0.545
0.533
0.533
0.532
0.53
0.53
0.53
0.528
0.528
0.519
0.517
0.517
0.515
0.505
0.505
0.505
0.505
0.504
0.503
0.501
0.499
0.497
0.492
0.492
0.489
0.489
0.487
