0.519
0.519
0.519
0.51
0.509
0.503
0.499
0.499
0.498
0.496
0.496
0.494
0.49
0.49
0.49
0.485
0.481
0.478
0.477
0.478
0.473
0.473
0.473
0.471
0.465
0.469
0.469
0.469
0.467
0.467
0.459
0.457
0.457
0.459
0.459
0.458
0.458
0.456
0.451
0.451
0.45
0.449
0.447
0.442
0.442
0.439
0.438
0.434
0.434
0.433
0.433
0.433
0.433
0.43
0.429
0.429
0.429
0.427
0.426
0.423
0.422
0.421
0.419
0.419
0.413
0.413
0.412
0.41
0.408
0.408
0.408
0.408
0.411
0.411
0.409
0.409
0.409
0.406
0.403
0.402
0.399
0.399
0.399
0.399
0.399
0.394
0.394
0.394
0.397
0.397
0.397
0.397
0.399
0.399
0.399
0.399
0.394
0.393
0.393
0.391
0.387
0.391
0.386
0.387
0.387
0.387
0.387
0.387
0.386
0.384
0.382
0.382
0.381
0.381
0.381
0.381
0.381
0.381
0.378
0.381
0.378
0.377
0.377
0.377
0.376
0.372
0.372
0.369
0.369
0.371
0.371
0.372
0.372
0.372
0.372
0.371
0.371
0.37
0.37
0.372
0.372
0.37
0.371
0.37
0.37
0.37
0.37
0.368
0.368
0.368
0.368
0.368
0.368
0.369
0.37
0.37
0.371
0.37
0.369
0.368
0.368
0.362
0.362
0.362
0.362
0.371
0.371
0.371
0.367
0.367
0.367
0.364
0.365
0.365
0.365
0.366
0.366
0.366
0.366
0.365
0.365
0.365
0.365
0.371
0.371
0.365
0.371
0.365
0.364
0.364
0.362
0.362
0.362
0.366
0.373
0.374
0.374
0.373
0.372
0.372
0.372
0.376
0.376
0.376
0.371
0.371
0.369
0.365
0.366
0.366
0.365
0.365
0.366
0.368
0.368
0.371
0.373
0.373
0.374
0.374
0.374
0.372
0.371
0.371
0.371
0.373
0.373
0.373
0.372
0.372
0.371
0.371
0.371
0.374
0.374
0.378
0.378
0.38
0.38
0.38
0.377
0.376
0.376
0.376
0.376
0.374
0.381
0.38
0.38
0.382
0.383
0.383
0.383
0.383
0.384
0.384
0.384
0.385
0.386
0.386
0.386
0.386
0.39
0.393
0.394
0.394
0.393
0.393
0.392
0.392
0.394
0.394
0.393
0.393
0.392
0.392
0.393
0.392
0.4
0.4
0.401
0.407
0.41
0.41
0.41
0.414
0.414
0.412
0.417
0.418
0.418
0.418
0.418
0.418
0.418
0.418
0.419
0.417
0.419
0.419
0.422
0.424
0.424
0.423
0.427
0.423
0.423
0.423
0.428
0.429
0.431
0.431
0.433
0.436
0.439
0.443
0.445
0.449
0.449
0.45
0.453
0.45
0.453
0.453
0.453
0.454
0.454
0.454
0.459
0.46
0.46
0.462
0.464
0.462
0.464
0.466
0.467
0.467
0.47
0.471
0.471
0.48
0.48
0.48
0.48
0.48
0.489
0.491
0.491
0.491
0.491
0.497
0.497
0.497
0.497
0.502
0.502
0.502
0.504
0.506
0.509
0.516
0.519
0.522
0.531
0.532
0.532
0.533
0.533
0.537
0.537
0.54
0.54
0.545
0.548
0.548
0.554
0.556
0.559
0.558
0.559
0.56
0.565
0.566
0.577
0.577
0.577
0.577
0.574
0.573
0.569
0.569
0.569
0.566
0.566
0.563
0.553
0.553
0.551
0.55
0.55
0.55
0.55
0.545
0.545
0.54
0.54
0.54
0.54
0.54
0.535
0.535
0.535
0.535
0.532
0.528
0.527
0.527
0.525
0.525
0.525
0.525
0.522
0.522
0.522
0.52
0.519
0.516
0.519
0.516
0.513
0.51
0.508
0.508
0.509
0.509
0.504
0.509
0.504
0.504
0.504
0.5
0.499
0.498
0.498
0.498
0.498
0.498
0.496
0.493
0.496
0.496
0.495
0.493
0.49
0.49
0.49
0.49
0.49
0.49
0.489
0.486
0.482
0.482
0.482
0.482
0.482
0.482
0.482
0.48
0.479
0.479
0.479
0.479
0.474
0.473
0.468
0.468
0.468
0.473
0.473
0.473
0.473
0.469
0.467
0.467
0.467
0.457
0.467
0.466
0.458
0.458
0.462
0.458
0.458
0.458
0.458
0.458
0.458
0.459
0.458
0.458
0.455
0.455
0.453
0.453
0.453
0.449
0.449
0.453
0.456
0.456
0.456
0.456
0.456
0.453
0.455
0.455
0.453
0.455
0.455
0.457
0.453
0.453
0.449
0.453
0.451
0.451
0.451
0.451
0.451
0.449
0.449
0.449
0.449
0.45
0.454
0.451
0.454
0.456
0.456
0.454
0.454
0.454
0.453
0.452
0.453
0.452
0.452
0.452
0.454
0.452
0.449
0.449
0.456
0.454
0.454
0.454
0.454
0.454
0.456
0.456
0.456
0.456
0.457
0.456
0.452
0.453
0.453
0.452
0.452
0.452
0.451
0.451
0.451
0.454
0.454
0.457
0.457
0.456
0.456
0.459
0.456
0.463
0.463
0.457
0.457
0.458
0.457
0.458
0.458
0.458
0.462
0.465
0.465
0.466
0.466
0.466
0.461
0.459
0.459
0.462
0.462
0.463
0.467
0.471
0.467
0.473
0.473
0.473
0.473
0.478
0.479
0.48
0.48
0.48
0.48
0.48
0.48
0.48
0.483
0.483
0.483
0.486
0.485
0.486
0.486
0.486
0.488
0.488
0.488
0.488
0.488
0.491
0.492
0.497
0.497
0.497
0.5
0.5
0.5
0.505
0.505
0.509
0.508
0.508
0.508
0.508
0.508
0.512
0.512
0.516
0.516
0.512
0.512
0.514
0.514
0.517
0.518
0.522
0.525
0.525
0.525
0.523
0.523
0.523
0.527
0.529
0.529
0.531
0.531
0.531
0.531
0.536
0.539
0.541
0.544
0.545
0.548
0.546
0.548
0.548
0.551
0.551
0.551
0.551
0.551
0.551
0.565
0.565
0.571
0.574
0.576
0.572
0.576
0.578
0.587
0.587
0.591
0.593
0.593
0.593
0.596
0.596
0.595
0.595
0.586
0.581
0.579
0.572
0.57
0.568
0.567
0.567
0.563
0.562
0.558
0.552
0.546
0.546
0.543
0.539
0.539
0.534
0.531
0.529
0.519
0.517
0.517
0.515
0.515
0.516
0.516
0.516
0.516
0.513
0.512
0.51
0.507
0.504
0.504
0.504
0.504
0.497
0.497
0.497
0.497
0.489
0.488
0.486
0.487
0.487
0.487
0.487
0.487
0.484
0.472
0.47
0.467
0.467
0.469
0.464
0.463
0.46
0.458
0.457
0.456
0.456
0.457
0.458
0.458
0.458
0.45
0.446
0.445
0.445
0.443
0.443
0.442
0.44
0.44
0.441
0.441
0.441
0.441
0.441
0.437
0.432
0.429
0.429
0.429
0.429
0.425
0.425
0.425
0.425
0.425
0.428
0.425
0.424
0.42
0.417
0.414
0.414
0.414
0.417
0.419
0.421
0.422
0.422
0.422
0.416
0.411
0.411
0.411
0.411
0.412
0.412
0.412
0.411
0.409
0.403
0.401
0.401
0.401
0.401
0.401
0.399
0.399
0.402
0.399
0.399
0.399
0.394
0.392
0.392
0.394
0.39
0.394
0.398
0.394
0.394
0.394
0.391
0.391
0.394
0.385
0.393
0.393
0.393
0.393
0.394
0.394
0.394
0.394
0.391
0.391
0.391
0.391
0.389
0.389
0.389
0.387
0.386
0.386
0.386
0.386
0.386
0.385
0.382
0.382
0.382
0.384
0.385
0.385
0.384
0.379
0.379
0.379
0.381
0.381
0.383
0.383
0.383
0.384
0.384
0.381
0.382
0.382
0.382
0.382
0.382
0.38
0.379
0.379
0.38
0.381
0.381
0.381
0.381
0.382
0.382
0.384
0.384
0.384
0.376
0.376
0.376
0.377
0.38
0.38
0.38
0.379
0.379
0.374
0.379
0.383
0.386
0.388
0.388
0.388
0.388
0.388
0.384
0.379
0.377
0.377
0.377
0.377
0.379
0.379
0.381
0.383
0.383
0.383
0.383
0.381
0.38
0.38
0.381
0.382
0.383
0.387
0.391
0.391
0.391
0.39
0.389
0.387
0.387
0.387
0.387
0.388
0.388
0.388
0.388
0.389
0.39
0.391
0.391
0.391
0.391
0.391
0.389
0.389
0.389
0.393
0.393
0.393
0.396
0.395
0.4
0.4
0.4
0.4
0.404
0.404
0.404
0.394
0.394
0.394
0.394
0.401
0.401
0.401
0.401
0.403
0.403
0.409
0.409
0.407
0.407
0.406
0.406
0.406
0.406
0.403
0.407
0.407
0.407
0.407
0.413
0.413
0.413
0.416
0.416
0.423
0.423
0.423
0.423
0.423
0.422
0.42
0.42
0.424
0.427
0.432
0.432
0.431
0.431
0.431
0.431
0.433
0.433
0.44
0.44
0.437
0.43
0.437
0.437
0.437
0.441
0.444
0.445
0.445
0.451
0.452
0.453
0.452
0.452
0.453
0.452
0.452
0.458
0.458
0.461
0.464
0.466
0.466
0.467
0.469
0.469
0.471
0.471
0.474
0.476
0.476
0.477
0.478
0.487
0.489
0.489
0.494
0.495
0.495
0.495
0.498
0.5
0.502
0.504
0.504
0.505
0.507
0.506
0.511
0.512
0.511
0.512
0.515
0.515
