0.538
0.538
0.538
0.537
0.534
0.523
0.52
0.519
0.512
0.512
0.512
0.511
0.511
0.511
0.506
0.504
0.502
0.502
0.499
0.497
0.494
0.494
0.492
0.488
0.488
0.487
0.483
0.481
0.478
0.475
0.475
0.474
0.473
0.473
0.474
0.469
0.469
0.471
0.469
0.467
0.461
0.461
0.46
0.454
0.454
0.454
0.454
0.452
0.448
0.447
0.447
0.445
0.447
0.447
0.443
0.443
0.443
0.441
0.439
0.438
0.437
0.434
0.433
0.433
0.433
0.431
0.423
0.423
0.423
0.424
0.426
0.426
0.426
0.424
0.422
0.421
0.421
0.421
0.421
0.421
0.418
0.415
0.411
0.411
0.411
0.407
0.407
0.411
0.407
0.407
0.411
0.409
0.409
0.409
0.409
0.409
0.407
0.405
0.405
0.405
0.4
0.401
0.4
0.4
0.4
0.4
0.4
0.4
0.395
0.392
0.395
0.395
0.395
0.393
0.393
0.392
0.392
0.392
0.392
0.391
0.39
0.39
0.389
0.389
0.384
0.389
0.384
0.384
0.385
0.39
0.388
0.392
0.388
0.388
0.388
0.388
0.385
0.388
0.385
0.388
0.385
0.383
0.38
0.379
0.378
0.378
0.377
0.377
0.378
0.378
0.378
0.385
0.385
0.385
0.385
0.382
0.382
0.382
0.382
0.382
0.384
0.384
0.382
0.382
0.381
0.377
0.373
0.373
0.373
0.372
0.372
0.375
0.375
0.375
0.376
0.376
0.377
0.379
0.379
0.383
0.383
0.383
0.383
0.384
0.384
0.384
0.388
0.384
0.385
0.385
0.385
0.383
0.383
0.383
0.381
0.383
0.381
0.376
0.376
0.38
0.38
0.38
0.38
0.38
0.38
0.38
0.38
0.38
0.38
0.38
0.38
0.382
0.38
0.378
0.378
0.382
0.378
0.378
0.376
0.375
0.375
0.376
0.377
0.384
0.384
0.384
0.386
0.386
0.386
0.383
0.386
0.385
0.382
0.385
0.385
0.38
0.38
0.389
0.389
0.389
0.389
0.389
0.389
0.388
0.389
0.391
0.387
0.388
0.389
0.389
0.389
0.389
0.391
0.391
0.391
0.388
0.391
0.392
0.392
0.392
0.392
0.395
0.396
0.396
0.396
0.396
0.401
0.401
0.402
0.402
0.407
0.405
0.405
0.401
0.405
0.405
0.399
0.399
0.407
0.407
0.411
0.413
0.416
0.416
0.416
0.416
0.416
0.421
0.421
0.424
0.424
0.424
0.428
0.428
0.428
0.428
0.428
0.428
0.428
0.428
0.432
0.433
0.433
0.433
0.434
0.434
0.434
0.434
0.436
0.437
0.437
0.437
0.447
0.447
0.447
0.448
0.448
0.448
0.453
0.453
0.453
0.455
0.455
0.456
0.457
0.457
0.459
0.46
0.465
0.467
0.47
0.472
0.472
0.474
0.476
0.482
0.483
0.485
0.486
0.485
0.486
0.486
0.487
0.484
0.49
0.49
0.491
0.491
0.491
0.495
0.499
0.5
0.501
0.506
0.509
0.511
0.511
0.515
0.515
0.515
0.517
0.521
0.526
0.527
0.529
0.532
0.535
0.535
0.536
0.544
0.546
0.546
0.546
0.55
0.55
0.55
0.555
0.555
0.561
0.561
0.564
0.567
0.568
0.567
0.568
0.568
0.568
0.575
0.585
0.592
0.6
0.606
0.607
0.607
0.607
0.613
0.621
0.622
0.625
0.633
0.633
0.635
0.637
0.643
0.644
0.647
0.657
0.657
0.659
0.661
0.668
0.681
0.681
0.684
0.691
0.691
0.694
0.701
0.708
0.709
0.717
0.718
0.731
0.735
0.74
0.741
0.745
0.755
0.76
0.767
0.773
0.774
0.774
0.786
0.794
0.808
0.808
0.812
0.815
0.827
0.828
0.84
0.857
0.862
0.866
0.877
0.891
0.898
0.907
0.907
0.918
0.921
0.938
0.949
0.96
0.968
0.981
0.991
1.005
1.02
1.025
1.025
1.025
1.007
1.007
1.007
1.007
1.006
0.997
0.993
0.993
0.993
0.996
0.996
0.996
0.988
0.984
0.983
0.983
0.98
0.98
0.98
0.98
0.98
0.968
0.968
0.968
0.968
0.972
0.973
0.972
0.967
0.96
0.96
0.96
0.959
0.959
0.959
0.96
0.959
0.959
0.955
0.952
0.952
0.95
0.949
0.95
0.948
0.947
0.947
0.944
0.944
0.944
0.941
0.941
0.937
0.937
0.937
0.942
0.943
0.945
0.945
0.945
0.945
0.936
0.936
0.936
0.938
0.948
0.948
0.947
0.947
0.937
0.937
0.941
0.941
0.941
0.943
0.941
0.94
0.939
0.935
0.93
0.93
0.935
0.928
0.93
0.935
0.935
0.935
0.935
0.938
0.939
0.938
0.939
0.941
0.943
0.946
0.946
0.945
0.945
0.945
0.944
0.941
0.944
0.942
0.942
0.94
0.942
0.942
0.944
0.944
0.944
0.944
0.944
0.947
0.948
0.95
0.95
0.95
0.95
0.95
0.947
0.945
0.944
0.929
0.88
0.671
0.518
0.474
0.474
0.47
0.47
0.47
0.474
0.474
0.475
0.475
0.477
0.478
0.478
0.478
0.478
0.478
0.479
0.482
0.485
0.49
0.49
0.49
0.487
0.487
0.487
0.49
0.49
0.49
0.493
0.494
0.494
0.494
0.498
0.498
0.494
0.498
0.503
0.506
0.506
0.506
0.506
0.5
0.5
0.505
0.506
0.508
0.511
0.508
0.511
0.511
0.511
0.514
0.515
0.516
0.516
0.516
0.519
0.518
0.519
0.521
0.519
0.522
0.524
0.526
0.523
0.523
0.523
0.523
0.523
0.53
0.53
0.53
0.53
0.53
0.53
0.53
0.537
0.537
0.537
0.537
0.537
0.535
0.535
0.534
0.534
0.534
0.535
0.536
0.537
0.543
0.543
0.555
0.555
0.555
0.555
0.558
0.557
0.564
0.568
0.569
0.569
0.569
0.571
0.572
0.581
0.584
0.584
0.585
0.585
0.585
0.579
0.583
0.579
0.579
0.576
0.576
0.572
0.571
0.559
0.557
0.557
0.555
0.555
0.545
0.545
0.549
0.545
0.54
0.533
0.533
0.533
0.533
0.53
0.522
0.519
0.519
0.518
0.514
0.514
0.513
0.513
0.513
0.5
0.5
0.5
0.499
0.499
0.503
0.499
0.499
0.488
0.488
0.483
0.481
0.481
0.481
0.482
0.482
0.482
0.475
0.475
0.473
0.473
0.473
0.473
0.469
0.465
0.46
0.46
0.46
0.46
0.455
0.453
0.45
0.447
0.445
0.445
0.445
0.445
0.444
0.446
0.444
0.44
0.438
0.438
0.438
0.437
0.435
0.434
0.431
0.431
0.429
0.429
0.431
0.431
0.429
0.429
0.431
0.429
0.429
0.424
0.421
0.42
0.418
0.418
0.413
0.413
0.421
0.421
0.412
0.411
0.41
0.408
0.408
0.409
0.408
0.408
0.406
0.401
0.4
0.394
0.394
0.392
0.392
0.394
0.394
0.394
0.394
0.392
0.39
0.39
0.39
0.39
0.39
0.385
0.387
0.387
0.387
0.386
0.386
0.386
0.386
0.386
0.387
0.388
0.392
0.392
0.387
0.385
0.383
0.383
0.383
0.383
0.382
0.382
0.382
0.382
0.381
0.381
0.381
0.377
0.374
0.374
0.374
0.374
0.374
0.373
0.369
0.369
0.378
0.378
0.378
0.379
0.379
0.379
0.373
0.377
0.373
0.373
0.372
0.372
0.372
0.371
0.371
0.371
0.371
0.371
0.371
0.368
0.368
0.365
0.365
0.365
0.369
0.369
0.372
0.372
0.365
0.365
0.366
0.366
0.368
0.368
0.368
0.367
0.366
0.366
0.366
0.366
0.366
0.369
0.369
0.369
0.367
0.373
0.372
0.372
0.372
0.372
0.372
0.372
0.372
0.374
0.374
0.374
0.37
0.37
0.37
0.373
0.373
0.373
0.369
0.368
0.368
0.368
0.368
0.368
0.369
0.369
0.369
0.366
0.368
0.358
0.358
0.358
0.368
0.363
0.372
0.372
0.367
0.367
0.37
0.368
0.37
0.37
0.372
0.372
0.374
0.372
0.372
0.372
0.373
0.373
0.373
0.373
0.373
0.373
0.373
0.373
0.373
0.375
0.375
0.373
0.373
0.37
0.37
0.373
0.376
0.382
0.384
0.384
0.384
0.383
0.383
0.383
0.383
0.38
0.38
0.38
0.38
0.382
0.387
0.387
0.394
0.387
0.387
0.393
0.393
0.393
0.402
0.393
0.393
0.395
0.395
0.395
0.398
0.398
0.4
0.402
0.4
0.4
0.4
0.402
0.402
0.405
0.405
0.403
0.407
0.407
0.406
0.407
0.407
0.407
0.409
0.414
0.416
0.416
0.419
0.42
0.42
0.421
0.421
0.421
0.421
0.421
0.421
0.42
0.42
0.423
0.423
0.423
0.428
0.429
0.431
0.437
0.438
0.439
0.439
0.438
0.438
0.439
0.439
0.443
0.445
0.449
0.451
0.451
0.451
0.455
0.459
0.459
0.459
0.459
0.457
0.456
0.457
0.459
0.461
0.461
0.462
0.467
0.467
0.466
0.466
0.47
0.473
0.473
0.473
0.482
0.482
0.485
0.485
0.485
0.486
0.496
0.501
0.501
0.503
0.501
0.501
0.503
0.503
