0.377
0.38
0.383
0.383
0.384
0.383
0.386
0.386
0.388
0.388
0.388
0.385
0.385
0.385
0.385
0.39
0.395
0.395
0.395
0.397
0.397
0.388
0.388
0.398
0.394
0.398
0.398
0.394
0.394
0.399
0.399
0.402
0.405
0.405
0.402
0.405
0.405
0.404
0.405
0.406
0.415
0.415
0.415
0.415
0.416
0.415
0.415
0.415
0.415
0.415
0.416
0.42
0.423
0.426
0.426
0.43
0.426
0.431
0.431
0.43
0.43
0.431
0.431
0.431
0.434
0.434
0.435
0.436
0.436
0.44
0.441
0.444
0.441
0.447
0.447
0.45
0.45
0.451
0.454
0.454
0.454
0.454
0.458
0.458
0.469
0.469
0.469
0.469
0.466
0.464
0.466
0.466
0.466
0.473
0.473
0.475
0.477
0.48
0.48
0.485
0.487
0.487
0.488
0.488
0.489
0.49
0.491
0.498
0.503
0.503
0.506
0.507
0.508
0.51
0.526
0.527
0.528
0.528
0.533
0.534
0.534
0.533
0.534
0.538
0.539
0.541
0.543
0.547
0.551
0.556
0.558
0.56
0.561
0.564
0.561
0.567
0.568
0.568
0.571
0.58
0.58
0.581
0.581
0.59
0.59
0.59
0.591
0.595
0.601
0.614
0.614
0.615
0.617
0.619
0.622
0.631
0.631
0.634
0.636
0.639
0.65
0.652
0.653
0.655
0.666
0.667
0.671
0.677
0.682
0.69
0.692
0.692
0.692
0.704
0.714
0.72
0.721
0.733
0.738
0.738
0.743
0.745
0.752
0.756
0.769
0.774
0.783
0.788
0.794
0.801
0.804
0.812
0.815
0.825
0.836
0.837
0.844
0.854
0.862
0.873
0.877
0.893
0.895
0.898
0.909
0.926
0.937
0.94
0.947
0.955
0.971
0.996
1.009
1.013
1.016
1.018
1.018
1.016
1.013
1.013
1.007
0.997
0.997
0.997
0.997
0.996
0.999
0.996
0.996
0.996
0.993
0.993
0.989
0.993
0.993
0.993
0.986
0.986
0.985
0.98
0.976
0.976
0.982
0.978
0.979
0.979
0.978
0.977
0.976
0.973
0.972
0.972
0.97
0.968
0.967
0.967
0.967
0.966
0.965
0.966
0.966
0.963
0.963
0.965
0.961
0.958
0.951
0.957
0.957
0.956
0.957
0.958
0.962
0.962
0.962
0.959
0.959
0.954
0.953
0.948
0.947
0.947
0.947
0.955
0.955
0.957
0.957
0.957
0.95
0.95
0.949
0.949
0.95
0.949
0.949
0.948
0.948
0.948
0.949
0.952
0.952
0.951
0.949
0.951
0.949
0.951
0.955
0.955
0.951
0.955
0.951
0.951
0.954
0.954
0.954
0.954
0.954
0.954
0.954
0.955
0.956
0.957
0.957
0.958
0.957
0.957
0.957
0.959
0.957
0.957
0.959
0.96
0.958
0.958
0.958
0.951
0.951
0.951
0.958
0.958
0.958
0.929
0.643
0.523
0.489
0.487
0.487
0.484
0.487
0.484
0.484
0.484
0.484
0.484
0.484
0.487
0.487
0.488
0.488
0.488
0.489
0.489
0.489
0.489
0.491
0.491
0.491
0.493
0.494
0.497
0.495
0.495
0.496
0.496
0.495
0.496
0.496
0.496
0.496
0.496
0.496
0.497
0.497
0.497
0.506
0.5
0.506
0.506
0.507
0.507
0.508
0.508
0.508
0.508
0.508
0.508
0.507
0.507
0.51
0.511
0.513
0.513
0.513
0.513
0.518
0.524
0.527
0.529
0.529
0.532
0.529
0.534
0.528
0.528
0.528
0.531
0.529
0.531
0.533
0.533
0.533
0.536
0.536
0.536
0.536
0.539
0.54
0.54
0.54
0.54
0.542
0.545
0.545
0.545
0.546
0.549
0.55
0.551
0.558
0.558
0.562
0.562
0.564
0.565
0.565
0.565
0.567
0.567
0.571
0.578
0.581
0.585
0.585
0.585
0.581
0.581
0.58
0.578
0.568
0.561
0.561
0.558
0.559
0.559
0.557
0.552
0.55
0.544
0.543
0.542
0.538
0.535
0.535
0.532
0.531
0.529
0.526
0.524
0.524
0.518
0.513
0.513
0.512
0.51
0.501
0.501
0.501
0.494
0.491
0.491
0.491
0.488
0.483
0.487
0.488
0.488
0.487
0.487
0.483
0.471
0.47
0.47
0.471
0.47
0.47
0.47
0.466
0.465
0.456
0.456
0.456
0.456
0.456
0.456
0.455
0.454
0.453
0.45
0.45
0.445
0.445
0.449
0.449
0.449
0.449
0.445
0.444
0.44
0.44
0.433
0.432
0.426
0.426
0.426
0.426
0.429
0.429
0.429
0.423
0.423
0.423
0.422
0.424
0.424
0.423
0.42
0.42
0.417
0.417
0.416
0.413
0.412
0.412
0.411
0.408
0.408
0.407
0.407
0.405
0.4
0.405
0.405
0.403
0.4
0.4
0.391
0.391
0.392
0.392
0.392
0.392
0.394
0.401
0.401
0.401
0.395
0.392
0.392
0.391
0.388
0.388
0.385
0.385
0.385
0.385
0.385
0.385
0.383
0.383
0.382
0.38
0.38
0.38
0.379
0.38
0.38
0.38
0.38
0.38
0.38
0.379
0.376
0.376
0.376
0.376
0.376
0.376
0.378
0.376
0.378
0.376
0.375
0.373
0.372
0.372
0.373
0.373
0.373
0.373
0.373
0.373
0.373
0.372
0.373
0.372
0.364
0.364
0.375
0.369
0.371
0.375
0.377
0.371
0.371
0.374
0.371
0.371
0.369
0.369
0.369
0.369
0.369
0.37
0.37
0.37
0.373
0.377
0.377
0.379
0.379
0.377
0.373
0.371
0.371
0.371
0.375
0.376
0.378
0.378
0.378
0.378
0.375
0.375
0.375
0.375
0.373
0.375
0.372
0.372
0.372
0.375
0.373
0.373
0.376
0.373
0.373
0.372
0.378
0.365
0.377
0.368
0.377
0.373
0.373
0.373
0.376
0.374
0.376
0.376
0.374
0.374
0.377
0.375
0.375
0.375
0.374
0.374
0.374
0.376
0.38
0.384
0.38
0.382
0.386
0.382
0.382
0.387
0.387
0.387
0.387
0.384
0.381
0.384
0.381
0.381
0.381
0.379
0.379
0.379
0.379
0.381
0.384
0.384
0.383
0.384
0.384
0.384
0.384
0.386
0.386
0.387
0.386
0.386
0.386
0.39
0.39
0.39
0.39
0.39
0.391
0.396
0.396
0.396
0.396
0.395
0.395
0.392
0.392
0.392
0.397
0.397
0.399
0.399
0.399
0.405
0.405
0.405
0.406
0.406
0.41
0.412
0.412
0.412
0.413
0.414
0.413
0.413
0.413
0.413
0.413
0.415
0.42
0.425
0.426
0.426
0.428
0.428
0.428
0.43
0.43
0.43
0.43
0.437
0.437
0.437
0.437
0.437
0.435
0.435
0.437
0.437
0.442
0.444
0.449
0.449
0.449
0.451
0.455
0.457
0.455
0.459
0.459
0.458
0.455
0.458
0.458
0.462
0.462
0.463
0.463
0.472
0.472
0.481
0.483
0.483
0.483
0.483
0.482
0.482
0.479
0.482
0.482
0.483
0.487
0.489
0.49
0.492
0.492
0.496
0.498
0.5
0.501
0.506
0.506
0.506
0.517
0.517
0.517
0.52
0.523
0.523
0.525
0.525
0.534
0.534
0.534
0.537
0.537
0.542
0.543
0.546
0.556
0.558
0.559
0.559
0.558
0.561
0.568
0.568
0.572
0.573
0.572
0.573
0.574
0.574
0.574
0.577
0.574
0.572
0.57
0.57
0.569
0.568
0.563
0.563
0.55
0.549
0.546
0.545
0.541
0.54
0.539
0.539
0.539
0.543
0.545
0.545
0.543
0.541
0.538
0.537
0.537
0.535
0.529
0.522
0.522
0.522
0.525
0.525
0.525
0.523
0.521
0.521
0.521
0.518
0.518
0.52
0.518
0.512
0.506
0.507
0.506
0.505
0.505
0.507
0.504
0.507
0.507
0.497
0.495
0.497
0.496
0.495
0.495
0.495
0.492
0.491
0.49
0.489
0.486
0.486
0.487
0.486
0.486
0.486
0.486
0.483
0.483
0.482
0.482
0.482
0.482
0.482
0.48
0.478
0.478
0.478
0.478
0.475
0.471
0.471
0.471
0.474
0.474
0.474
0.474
0.47
0.47
0.472
0.47
0.471
0.472
0.472
0.471
0.471
0.471
0.468
0.468
0.468
0.468
0.464
0.462
0.462
0.462
0.462
0.462
0.463
0.462
0.463
0.463
0.462
0.459
0.455
0.454
0.454
0.454
0.459
0.459
0.46
0.459
0.456
0.454
0.453
0.453
0.456
0.46
0.46
0.46
0.457
0.457
0.457
0.461
0.461
0.461
0.459
0.457
0.457
0.458
0.458
0.458
0.458
0.457
0.457
0.457
0.457
0.458
0.459
0.458
0.458
0.456
0.456
0.456
0.46
0.46
0.462
0.46
0.46
0.46
0.463
0.462
0.462
0.462
0.462
0.461
0.46
0.455
0.455
0.455
0.459
0.46
0.46
0.46
0.461
0.461
0.458
0.461
0.458
0.457
0.457
0.461
0.458
0.461
0.461
0.462
0.463
0.463
0.463
0.462
0.46
0.46
0.464
0.46
0.46
0.461
0.461
0.461
0.465
0.465
0.467
0.467
0.467
0.463
0.463
0.463
0.465
0.467
0.468
0.468
0.471
0.468
