0.377
0.377
0.38
0.38
0.38
0.386
0.387
0.387
0.386
0.389
0.384
0.377
0.378
0.378
0.377
0.376
0.378
0.376
0.376
0.377
0.38
0.377
0.377
0.377
0.38
0.374
0.374
0.374
0.374
0.373
0.373
0.375
0.376
0.376
0.376
0.376
0.376
0.376
0.376
0.376
0.377
0.377
0.377
0.377
0.379
0.377
0.377
0.377
0.377
0.374
0.374
0.377
0.377
0.379
0.38
0.38
0.38
0.38
0.384
0.384
0.379
0.378
0.377
0.375
0.375
0.375
0.375
0.381
0.381
0.377
0.371
0.377
0.374
0.374
0.373
0.374
0.374
0.38
0.381
0.381
0.38
0.381
0.38
0.38
0.38
0.381
0.381
0.383
0.381
0.381
0.378
0.371
0.371
0.372
0.374
0.374
0.374
0.381
0.374
0.38
0.38
0.385
0.382
0.382
0.385
0.382
0.382
0.38
0.382
0.382
0.382
0.383
0.384
0.384
0.384
0.384
0.383
0.38
0.383
0.383
0.386
0.386
0.386
0.386
0.386
0.387
0.389
0.395
0.395
0.395
0.395
0.395
0.395
0.397
0.397
0.398
0.398
0.398
0.398
0.399
0.399
0.399
0.4
0.403
0.403
0.403
0.403
0.403
0.403
0.403
0.403
0.406
0.411
0.411
0.411
0.412
0.412
0.412
0.412
0.412
0.414
0.414
0.422
0.422
0.424
0.424
0.419
0.419
0.419
0.419
0.421
0.422
0.422
0.421
0.421
0.424
0.427
0.429
0.434
0.434
0.435
0.435
0.437
0.442
0.442
0.442
0.433
0.433
0.433
0.443
0.443
0.443
0.442
0.442
0.442
0.453
0.457
0.457
0.457
0.453
0.453
0.453
0.453
0.467
0.468
0.468
0.468
0.468
0.468
0.468
0.475
0.477
0.478
0.478
0.483
0.478
0.478
0.483
0.492
0.496
0.496
0.496
0.496
0.497
0.492
0.492
0.494
0.494
0.494
0.505
0.507
0.514
0.514
0.514
0.521
0.523
0.522
0.522
0.527
0.527
0.527
0.528
0.531
0.531
0.534
0.539
0.539
0.541
0.548
0.55
0.55
0.552
0.557
0.559
0.56
0.561
0.561
0.567
0.567
0.569
0.576
0.576
0.58
0.59
0.594
0.597
0.599
0.603
0.604
0.61
0.616
0.616
0.619
0.621
0.623
0.623
0.633
0.633
0.636
0.646
0.646
0.647
0.647
0.659
0.665
0.667
0.677
0.677
0.68
0.684
0.687
0.698
0.701
0.705
0.715
0.717
0.722
0.723
0.728
0.728
0.733
0.748
0.748
0.758
0.763
0.77
0.775
0.777
0.792
0.792
0.795
0.795
0.796
0.823
0.823
0.833
0.848
0.853
0.856
0.863
0.877
0.882
0.89
0.892
0.903
0.914
0.927
0.932
0.946
0.952
0.955
0.98
0.986
0.993
1.014
1.023
1.023
1.023
1.02
1.006
1.006
1.006
1.006
1.006
1
0.996
0.994
0.994
0.996
0.997
0.998
0.998
0.997
0.991
0.991
0.991
0.991
0.986
0.984
0.984
0.984
0.988
0.988
0.988
0.988
0.985
0.981
0.979
0.978
0.973
0.973
0.967
0.967
0.964
0.964
0.967
0.967
0.965
0.967
0.967
0.969
0.97
0.97
0.97
0.966
0.963
0.958
0.958
0.962
0.957
0.957
0.957
0.957
0.957
0.955
0.955
0.955
0.951
0.951
0.951
0.952
0.952
0.955
0.955
0.955
0.954
0.954
0.954
0.954
0.961
0.961
0.954
0.954
0.95
0.95
0.949
0.946
0.946
0.946
0.947
0.947
0.947
0.947
0.947
0.939
0.94
0.94
0.94
0.953
0.955
0.955
0.953
0.951
0.951
0.951
0.951
0.953
0.953
0.953
0.953
0.955
0.955
0.958
0.958
0.958
0.958
0.959
0.959
0.959
0.959
0.954
0.952
0.95
0.95
0.95
0.954
0.954
0.957
0.956
0.954
0.951
0.934
0.882
0.606
0.506
0.485
0.48
0.48
0.48
0.48
0.48
0.477
0.477
0.477
0.48
0.48
0.485
0.487
0.49
0.49
0.487
0.487
0.487
0.485
0.481
0.484
0.484
0.484
0.487
0.49
0.493
0.495
0.496
0.496
0.495
0.488
0.488
0.488
0.489
0.495
0.495
0.491
0.491
0.492
0.492
0.5
0.5
0.496
0.5
0.497
0.497
0.498
0.502
0.502
0.502
0.5
0.509
0.509
0.509
0.511
0.511
0.511
0.511
0.516
0.516
0.518
0.521
0.521
0.522
0.522
0.524
0.524
0.524
0.527
0.527
0.527
0.534
0.534
0.53
0.535
0.535
0.53
0.536
0.536
0.532
0.532
0.534
0.534
0.534
0.536
0.536
0.536
0.536
0.536
0.537
0.546
0.546
0.546
0.548
0.548
0.55
0.561
0.561
0.561
0.561
0.561
0.564
0.57
0.575
0.576
0.576
0.576
0.576
0.576
0.576
0.576
0.575
0.57
0.568
0.567
0.567
0.555
0.549
0.549
0.549
0.548
0.548
0.544
0.542
0.544
0.54
0.54
0.535
0.534
0.533
0.531
0.53
0.525
0.524
0.524
0.519
0.514
0.513
0.507
0.507
0.506
0.506
0.503
0.496
0.495
0.495
0.493
0.491
0.491
0.491
0.491
0.483
0.478
0.477
0.475
0.475
0.475
0.475
0.478
0.478
0.478
0.472
0.471
0.469
0.465
0.464
0.464
0.462
0.457
0.454
0.448
0.448
0.454
0.452
0.452
0.452
0.451
0.447
0.447
0.447
0.447
0.446
0.443
0.436
0.435
0.435
0.435
0.438
0.439
0.439
0.438
0.431
0.429
0.427
0.426
0.427
0.426
0.426
0.422
0.422
0.42
0.417
0.417
0.417
0.417
0.417
0.417
0.412
0.413
0.413
0.413
0.412
0.412
0.41
0.406
0.404
0.404
0.406
0.405
0.405
0.405
0.405
0.404
0.403
0.403
0.402
0.4
0.393
0.39
0.393
0.393
0.399
0.399
0.399
0.393
0.392
0.391
0.388
0.39
0.391
0.391
0.39
0.39
0.394
0.385
0.385
0.385
0.388
0.386
0.386
0.386
0.386
0.386
0.383
0.383
0.376
0.376
0.376
0.38
0.381
0.382
0.382
0.382
0.381
0.379
0.379
0.379
0.379
0.379
0.379
0.377
0.377
0.377
0.371
0.375
0.371
0.371
0.372
0.375
0.372
0.372
0.372
0.369
0.369
0.372
0.372
0.372
0.372
0.372
0.372
0.372
0.372
0.372
0.371
0.37
0.37
0.37
0.371
0.371
0.371
0.371
0.371
0.371
0.369
0.373
0.373
0.371
0.371
0.371
0.37
0.37
0.373
0.37
0.371
0.373
0.371
0.371
0.371
0.371
0.371
0.377
0.377
0.377
0.377
0.376
0.376
0.378
0.376
0.376
0.376
0.375
0.37
0.367
0.37
0.368
0.367
0.368
0.368
0.368
0.368
0.374
0.373
0.373
0.372
0.373
0.373
0.372
0.375
0.375
0.374
0.372
0.374
0.369
0.365
0.365
0.37
0.37
0.372
0.374
0.376
0.379
0.379
0.376
0.374
0.374
0.371
0.374
0.379
0.379
0.378
0.378
0.375
0.375
0.378
0.381
0.381
0.382
0.382
0.386
0.386
0.386
0.386
0.385
0.384
0.384
0.384
0.383
0.379
0.379
0.379
0.379
0.385
0.387
0.387
0.387
0.389
0.389
0.389
0.391
0.391
0.391
0.392
0.393
0.393
0.393
0.393
0.398
0.4
0.401
0.402
0.402
0.402
0.402
0.404
0.407
0.409
0.41
0.41
0.41
0.41
0.41
0.41
0.411
0.415
0.415
0.415
0.415
0.416
0.418
0.422
0.424
0.424
0.427
0.424
0.424
0.426
0.426
0.426
0.431
0.431
0.431
0.431
0.431
0.437
0.436
0.437
0.438
0.438
0.438
0.438
0.438
0.446
0.449
0.449
0.45
0.45
0.451
0.454
0.457
0.461
0.462
0.462
0.465
0.466
0.468
0.468
0.473
0.473
0.475
0.475
0.474
0.474
0.478
0.478
0.478
0.479
0.485
0.485
0.488
0.494
0.494
0.494
0.494
0.494
0.494
0.494
0.494
0.494
0.503
0.505
0.516
0.519
0.519
0.519
0.521
0.519
0.523
0.522
0.523
0.523
0.529
0.531
0.534
0.539
0.539
0.546
0.556
0.556
0.556
0.56
0.56
0.561
0.561
0.561
0.564
0.569
0.576
0.581
0.581
0.581
0.581
0.575
0.573
0.573
0.573
0.573
0.564
0.563
0.559
0.559
0.556
0.551
0.547
0.546
0.545
0.544
0.542
0.527
0.527
0.527
0.531
0.535
0.538
0.538
0.538
0.53
0.528
0.524
0.524
0.524
0.526
0.526
0.526
0.523
0.52
0.519
0.519
0.519
0.518
0.512
0.511
0.511
0.512
0.511
0.51
0.505
0.501
0.501
0.5
0.498
0.496
0.496
0.496
0.499
0.499
0.499
0.499
0.491
0.491
0.496
0.496
0.491
0.496
0.492
0.489
0.489
0.485
0.483
0.483
0.483
0.483
0.483
0.485
0.485
0.482
0.476
0.476
0.476
0.478
0.478
0.478
0.478
0.472
0.472
0.471
0.472
0.472
0.472
0.465
0.465
0.463
0.463
0.465
0.466
0.466
