0.515
0.519
0.519
0.519
0.519
0.521
0.523
0.535
0.539
0.541
0.543
0.548
0.552
0.554
0.557
0.561
0.568
0.569
0.568
0.568
0.568
0.568
0.568
0.568
0.567
0.567
0.567
0.566
0.566
0.566
0.565
0.554
0.552
0.552
0.549
0.549
0.549
0.539
0.536
0.536
0.538
0.539
0.538
0.538
0.538
0.535
0.535
0.528
0.527
0.527
0.527
0.524
0.527
0.521
0.517
0.517
0.517
0.517
0.517
0.518
0.518
0.518
0.514
0.516
0.513
0.512
0.508
0.506
0.506
0.506
0.505
0.505
0.499
0.498
0.499
0.499
0.498
0.498
0.495
0.491
0.487
0.487
0.487
0.487
0.487
0.485
0.481
0.481
0.481
0.481
0.481
0.481
0.481
0.481
0.48
0.481
0.481
0.481
0.474
0.475
0.475
0.475
0.478
0.48
0.48
0.478
0.48
0.475
0.472
0.473
0.475
0.473
0.473
0.473
0.472
0.469
0.469
0.469
0.469
0.463
0.463
0.463
0.463
0.456
0.465
0.455
0.455
0.463
0.463
0.463
0.466
0.466
0.461
0.461
0.457
0.457
0.461
0.463
0.465
0.465
0.466
0.466
0.465
0.46
0.46
0.458
0.457
0.457
0.459
0.457
0.457
0.457
0.453
0.45
0.448
0.448
0.448
0.455
0.455
0.456
0.456
0.457
0.456
0.456
0.456
0.456
0.453
0.456
0.457
0.457
0.46
0.461
0.463
0.463
0.463
0.463
0.462
0.462
0.462
0.462
0.456
0.456
0.456
0.456
0.456
0.456
0.457
0.455
0.455
0.455
0.458
0.46
0.46
0.457
0.457
0.457
0.457
0.459
0.459
0.459
0.458
0.457
0.455
0.455
0.452
0.452
0.452
0.452
0.454
0.454
0.454
0.455
0.46
0.461
0.461
0.461
0.463
0.461
0.463
0.465
0.467
0.467
0.467
0.471
0.472
0.469
0.469
0.47
0.47
0.47
0.472
0.472
0.472
0.472
0.471
0.471
0.471
0.471
0.471
0.474
0.474
0.476
0.476
0.476
0.476
0.474
0.474
0.478
0.482
0.482
0.485
0.485
0.482
0.482
0.482
0.482
0.482
0.482
0.482
0.481
0.481
0.487
0.488
0.488
0.492
0.492
0.492
0.49
0.49
0.49
0.491
0.491
0.491
0.49
0.49
0.49
0.505
0.509
0.511
0.511
0.511
0.511
0.508
0.505
0.504
0.507
0.507
0.507
0.517
0.517
0.52
0.522
0.522
0.522
0.522
0.524
0.526
0.528
0.526
0.528
0.526
0.528
0.536
0.536
0.536
0.537
0.537
0.537
0.542
0.548
0.548
0.548
0.547
0.547
0.547
0.547
0.548
0.562
0.562
0.563
0.563
0.565
0.565
0.566
0.567
0.567
0.567
0.57
0.57
0.588
0.589
0.589
0.589
0.589
0.593
0.594
0.597
0.6
0.6
0.6
0.6
0.59
0.588
0.578
0.569
0.568
0.567
0.563
0.563
0.561
0.559
0.549
0.549
0.549
0.547
0.541
0.541
0.539
0.539
0.538
0.531
0.521
0.519
0.514
0.511
0.511
0.511
0.509
0.511
0.511
0.51
0.509
0.507
0.506
0.506
0.506
0.505
0.505
0.499
0.496
0.496
0.496
0.493
0.488
0.487
0.482
0.482
0.478
0.473
0.473
0.473
0.473
0.471
0.469
0.469
0.469
0.469
0.462
0.46
0.458
0.458
0.453
0.458
0.458
0.458
0.455
0.455
0.455
0.449
0.449
0.449
0.444
0.442
0.441
0.442
0.439
0.437
0.437
0.437
0.437
0.438
0.438
0.438
0.438
0.436
0.436
0.432
0.43
0.43
0.43
0.422
0.427
0.427
0.427
0.427
0.427
0.424
0.422
0.418
0.418
0.418
0.42
0.42
0.42
0.412
0.408
0.408
0.408
0.406
0.408
0.412
0.408
0.408
0.408
0.41
0.408
0.408
0.408
0.409
0.407
0.407
0.406
0.406
0.405
0.404
0.404
0.399
0.399
0.399
0.398
0.395
0.394
0.394
0.394
0.394
0.394
0.394
0.394
0.394
0.393
0.389
0.393
0.396
0.396
0.396
0.396
0.388
0.388
0.388
0.392
0.392
0.393
0.392
0.392
0.39
0.39
0.39
0.39
0.387
0.384
0.383
0.381
0.38
0.38
0.379
0.38
0.378
0.384
0.378
0.379
0.379
0.38
0.379
0.38
0.38
0.378
0.378
0.38
0.381
0.384
0.384
0.384
0.379
0.379
0.379
0.379
0.38
0.38
0.38
0.383
0.38
0.383
0.383
0.383
0.381
0.381
0.381
0.385
0.381
0.385
0.386
0.385
0.386
0.386
0.385
0.384
0.384
0.382
0.381
0.379
0.379
0.379
0.378
0.379
0.379
0.379
0.379
0.384
0.384
0.378
0.376
0.376
0.376
0.378
0.378
0.378
0.38
0.378
0.378
0.378
0.381
0.381
0.381
0.381
0.382
0.378
0.378
0.382
0.383
0.385
0.387
0.39
0.39
0.39
0.391
0.39
0.388
0.388
0.391
0.388
0.392
0.392
0.392
0.386
0.386
0.386
0.391
0.391
0.394
0.394
0.394
0.397
0.397
0.393
0.394
0.394
0.394
0.394
0.398
0.402
0.402
0.404
0.404
0.402
0.396
0.396
0.396
0.402
0.402
0.404
0.404
0.404
0.405
0.406
0.405
0.406
0.406
0.406
0.405
0.409
0.405
0.405
0.415
0.418
0.419
0.422
0.423
0.425
0.425
0.423
0.423
0.424
0.423
0.423
0.423
0.422
0.422
0.422
0.422
0.43
0.43
0.432
0.433
0.433
0.433
0.433
0.436
0.436
0.434
0.436
0.436
0.434
0.434
0.441
0.441
0.442
0.446
0.449
0.45
0.45
0.45
0.453
0.454
0.454
0.454
0.455
0.455
0.455
0.456
0.46
0.466
0.47
0.47
0.469
0.47
0.47
0.474
0.477
0.482
0.483
0.483
0.483
0.484
0.484
0.485
0.491
0.491
0.495
0.495
0.495
0.495
0.498
0.505
0.507
0.507
0.507
0.508
0.508
0.508
0.516
0.517
0.522
0.519
0.522
0.522
0.522
0.525
0.532
0.537
0.538
0.54
0.545
0.545
0.545
0.546
0.547
0.547
0.555
0.555
0.556
0.556
0.562
0.562
0.57
0.57
0.57
0.57
0.575
0.575
0.576
0.588
0.588
0.591
0.596
0.599
0.605
0.611
0.615
0.62
0.622
0.622
0.627
0.629
0.632
0.641
0.641
0.641
0.644
0.646
0.658
0.661
0.664
0.665
0.666
0.669
0.677
0.679
0.683
0.694
0.696
0.703
0.707
0.71
0.71
0.729
0.735
0.736
0.736
0.743
0.75
0.761
0.765
0.767
0.772
0.775
0.775
0.794
0.796
0.806
0.817
0.82
0.829
0.834
0.847
0.852
0.859
0.869
0.874
0.884
0.896
0.907
0.914
0.922
0.927
0.941
0.945
0.956
0.966
0.978
0.986
1.003
1.025
1.025
1.025
1.025
1.02
1.016
1.009
1.008
1.006
1.005
1.005
1.006
1.004
1.004
1.002
1
0.999
0.997
0.992
0.992
0.992
0.996
0.996
0.996
0.991
0.989
0.989
0.985
0.985
0.985
0.981
0.981
0.98
0.978
0.978
0.975
0.975
0.975
0.976
0.975
0.976
0.975
0.975
0.975
0.975
0.968
0.964
0.964
0.964
0.966
0.966
0.968
0.969
0.969
0.969
0.968
0.964
0.962
0.959
0.959
0.961
0.961
0.957
0.957
0.956
0.956
0.957
0.96
0.96
0.96
0.955
0.955
0.955
0.955
0.956
0.956
0.956
0.955
0.955
0.952
0.951
0.95
0.951
0.952
0.95
0.95
0.95
0.95
0.948
0.95
0.95
0.947
0.945
0.947
0.947
0.955
0.958
0.958
0.958
0.956
0.954
0.954
0.956
0.956
0.957
0.958
0.961
0.962
0.962
0.962
0.961
0.966
0.965
0.96
0.96
0.965
0.965
0.96
0.957
0.968
0.963
0.963
0.963
0.963
0.958
0.942
0.923
0.838
0.597
0.535
0.507
0.483
0.476
0.476
0.476
0.481
0.483
0.483
0.486
0.486
0.488
0.486
0.488
0.486
0.488
0.492
0.492
0.492
0.492
0.49
0.49
0.494
0.494
0.496
0.498
0.498
0.498
0.498
0.498
0.499
0.507
0.507
0.509
0.507
0.508
0.502
0.502
0.501
0.501
0.498
0.498
0.501
0.505
0.514
0.514
0.514
0.515
0.511
0.511
0.516
0.516
0.516
0.516
0.517
0.517
0.517
0.517
0.52
0.52
0.525
0.527
0.527
0.527
0.524
0.524
0.524
0.524
0.529
0.529
0.531
0.532
0.535
0.538
0.539
0.539
0.538
0.54
0.536
0.535
0.531
0.531
0.531
0.533
0.537
0.537
0.537
0.538
0.538
0.54
0.545
0.546
0.548
0.55
0.557
0.557
0.56
0.561
0.563
0.563
0.565
0.572
0.575
0.578
0.583
0.583
0.586
0.586
0.586
0.586
0.584
0.579
0.578
0.576
0.576
0.575
0.558
0.554
0.554
0.554
0.552
0.551
0.551
0.55
0.542
0.541
0.541
0.538
0.536
0.533
0.528
0.524
0.523
0.523
0.523
0.523
0.51
0.51
0.507
0.506
