0.455
0.464
0.464
0.464
0.464
0.464
0.464
0.466
0.466
0.466
0.468
0.468
0.468
0.466
0.466
0.462
0.466
0.466
0.469
0.476
0.479
0.479
0.479
0.479
0.481
0.481
0.483
0.481
0.482
0.482
0.477
0.477
0.482
0.483
0.487
0.487
0.491
0.492
0.492
0.493
0.493
0.501
0.501
0.494
0.494
0.508
0.497
0.497
0.502
0.502
0.502
0.504
0.504
0.506
0.513
0.515
0.515
0.515
0.514
0.515
0.515
0.52
0.522
0.524
0.524
0.524
0.524
0.527
0.53
0.528
0.528
0.528
0.528
0.528
0.528
0.534
0.539
0.539
0.54
0.54
0.54
0.54
0.54
0.544
0.551
0.552
0.554
0.563
0.563
0.563
0.561
0.561
0.555
0.555
0.555
0.563
0.563
0.575
0.578
0.58
0.58
0.581
0.582
0.587
0.588
0.588
0.588
0.588
0.583
0.576
0.575
0.573
0.572
0.567
0.566
0.563
0.561
0.554
0.549
0.549
0.549
0.549
0.543
0.542
0.539
0.537
0.535
0.524
0.522
0.516
0.512
0.51
0.51
0.51
0.509
0.509
0.508
0.506
0.505
0.504
0.504
0.498
0.498
0.498
0.498
0.498
0.497
0.497
0.497
0.492
0.49
0.49
0.488
0.482
0.479
0.477
0.474
0.472
0.474
0.474
0.474
0.468
0.468
0.465
0.459
0.459
0.458
0.458
0.454
0.455
0.454
0.454
0.448
0.448
0.448
0.448
0.444
0.444
0.441
0.441
0.441
0.439
0.437
0.439
0.435
0.434
0.429
0.429
0.428
0.429
0.431
0.431
0.431
0.431
0.425
0.423
0.423
0.421
0.421
0.421
0.42
0.42
0.42
0.416
0.414
0.414
0.414
0.412
0.414
0.41
0.412
0.41
0.406
0.405
0.405
0.405
0.406
0.408
0.409
0.409
0.409
0.409
0.404
0.404
0.404
0.404
0.398
0.398
0.398
0.398
0.399
0.402
0.402
0.398
0.395
0.395
0.395
0.395
0.395
0.394
0.39
0.39
0.39
0.391
0.392
0.392
0.391
0.39
0.389
0.389
0.389
0.389
0.389
0.39
0.392
0.39
0.387
0.39
0.39
0.387
0.382
0.381
0.38
0.38
0.38
0.378
0.378
0.378
0.377
0.377
0.378
0.379
0.379
0.379
0.378
0.378
0.378
0.378
0.378
0.376
0.374
0.374
0.374
0.375
0.376
0.376
0.379
0.379
0.379
0.379
0.384
0.384
0.375
0.375
0.379
0.375
0.379
0.379
0.377
0.376
0.376
0.376
0.376
0.38
0.382
0.382
0.382
0.382
0.383
0.383
0.383
0.384
0.385
0.385
0.384
0.384
0.384
0.384
0.384
0.385
0.385
0.385
0.385
0.385
0.385
0.384
0.387
0.384
0.385
0.385
0.385
0.381
0.381
0.381
0.381
0.381
0.381
0.381
0.381
0.381
0.381
0.382
0.382
0.382
0.382
0.386
0.388
0.386
0.386
0.385
0.384
0.384
0.384
0.387
0.39
0.39
0.39
0.39
0.391
0.39
0.39
0.39
0.388
0.388
0.386
0.388
0.394
0.394
0.394
0.397
0.397
0.397
0.397
0.389
0.389
0.389
0.394
0.397
0.401
0.403
0.403
0.403
0.403
0.397
0.397
0.397
0.397
0.402
0.407
0.408
0.408
0.407
0.412
0.411
0.411
0.411
0.414
0.412
0.414
0.412
0.412
0.412
0.41
0.41
0.412
0.416
0.419
0.419
0.42
0.42
0.422
0.422
0.426
0.426
0.426
0.425
0.425
0.425
0.43
0.431
0.432
0.434
0.434
0.436
0.436
0.436
0.438
0.448
0.448
0.448
0.448
0.439
0.439
0.439
0.442
0.442
0.451
0.45
0.451
0.451
0.45
0.447
0.447
0.447
0.451
0.455
0.465
0.465
0.467
0.467
0.467
0.467
0.468
0.471
0.473
0.475
0.475
0.475
0.478
0.478
0.478
0.484
0.49
0.49
0.49
0.492
0.497
0.497
0.498
0.498
0.498
0.498
0.498
0.501
0.501
0.504
0.505
0.516
0.516
0.516
0.517
0.523
0.523
0.524
0.524
0.523
0.527
0.529
0.535
0.535
0.537
0.538
0.539
0.547
0.548
0.55
0.553
0.556
0.558
0.562
0.562
0.565
0.567
0.565
0.565
0.57
0.575
0.579
0.581
0.584
0.584
0.587
0.598
0.598
0.598
0.598
0.602
0.602
0.606
0.61
0.616
0.63
0.63
0.631
0.638
0.641
0.642
0.649
0.654
0.654
0.655
0.674
0.676
0.678
0.683
0.686
0.687
0.687
0.691
0.7
0.704
0.707
0.712
0.714
0.726
0.731
0.735
0.739
0.744
0.753
0.77
0.771
0.778
0.779
0.784
0.784
0.798
0.803
0.815
0.822
0.833
0.834
0.844
0.853
0.861
0.869
0.875
0.878
0.888
0.903
0.913
0.915
0.92
0.938
0.946
0.951
0.963
0.98
0.985
0.998
1
1
1
1
1
0.999
0.995
0.995
0.987
0.987
0.987
0.992
0.995
0.995
0.992
0.992
0.991
0.989
0.982
0.977
0.977
0.982
0.98
0.983
0.983
0.98
0.975
0.975
0.975
0.975
0.975
0.972
0.969
0.965
0.965
0.967
0.967
0.967
0.968
0.968
0.971
0.971
0.968
0.967
0.966
0.966
0.966
0.966
0.965
0.965
0.964
0.963
0.962
0.962
0.962
0.962
0.962
0.962
0.956
0.956
0.954
0.954
0.955
0.955
0.955
0.955
0.955
0.955
0.953
0.953
0.953
0.951
0.951
0.955
0.955
0.955
0.955
0.955
0.95
0.95
0.95
0.955
0.955
0.955
0.951
0.951
0.951
0.951
0.951
0.944
0.938
0.938
0.942
0.944
0.948
0.948
0.95
0.95
0.95
0.951
0.954
0.954
0.954
0.954
0.954
0.955
0.956
0.956
0.955
0.954
0.954
0.954
0.954
0.954
0.955
0.958
0.964
0.967
0.967
0.967
0.966
0.966
0.963
0.963
0.963
0.954
0.931
0.694
0.537
0.503
0.487
0.487
0.484
0.484
0.484
0.484
0.484
0.484
0.485
0.487
0.487
0.489
0.489
0.489
0.485
0.489
0.49
0.49
0.486
0.486
0.486
0.486
0.486
0.486
0.489
0.49
0.49
0.495
0.497
0.501
0.502
0.502
0.502
0.501
0.5
0.5
0.503
0.503
0.503
0.503
0.506
0.509
0.509
0.512
0.512
0.509
0.513
0.516
0.516
0.516
0.516
0.514
0.514
0.514
0.514
0.517
0.52
0.52
0.524
0.524
0.527
0.527
0.528
0.528
0.527
0.529
0.532
0.532
0.532
0.534
0.534
0.538
0.538
0.541
0.543
0.543
0.543
0.538
0.536
0.536
0.536
0.536
0.536
0.538
0.538
0.537
0.537
0.542
0.542
0.553
0.553
0.553
0.551
0.551
0.551
0.555
0.567
0.567
0.567
0.567
0.568
0.57
0.574
0.577
0.579
0.581
0.581
0.581
0.586
0.586
0.586
0.579
0.577
0.575
0.574
0.567
0.567
0.567
0.562
0.548
0.544
0.544
0.544
0.544
0.541
0.538
0.538
0.538
0.532
0.531
0.531
0.531
0.529
0.529
0.528
0.523
0.521
0.521
0.515
0.515
0.512
0.511
0.504
0.504
0.504
0.503
0.503
0.502
0.494
0.494
0.487
0.487
0.486
0.482
0.482
0.481
0.48
0.479
0.477
0.474
0.469
0.469
0.469
0.467
0.466
0.46
0.46
0.454
0.454
0.453
0.453
0.448
0.447
0.446
0.446
0.447
0.447
0.445
0.445
0.435
0.434
0.434
0.434
0.434
0.434
0.434
0.433
0.433
0.435
0.432
0.434
0.434
0.434
0.425
0.425
0.424
0.422
0.419
0.419
0.419
0.419
0.418
0.412
0.409
0.409
0.409
0.409
0.408
0.408
0.404
0.404
0.404
0.404
0.403
0.403
0.401
0.401
0.402
0.402
0.402
0.402
0.402
0.401
0.401
0.398
0.391
0.391
0.391
0.391
0.391
0.391
0.391
0.391
0.391
0.392
0.392
0.393
0.392
0.388
0.388
0.388
0.377
0.377
0.377
0.377
0.381
0.381
0.38
0.38
0.381
0.381
0.381
0.381
0.383
0.381
0.381
0.381
0.381
0.374
0.374
0.373
0.379
0.375
0.379
0.375
0.375
0.375
0.373
0.373
0.373
0.373
0.373
0.371
0.371
0.371
0.372
0.372
0.377
0.372
0.377
0.377
0.369
0.369
0.371
0.369
0.369
0.359
0.359
0.359
0.359
0.361
0.361
0.365
0.368
0.368
0.37
0.37
0.37
0.374
0.374
0.367
0.365
0.365
0.365
0.367
0.371
0.371
0.373
0.373
0.373
0.376
0.373
0.372
0.372
0.373
0.372
0.372
0.374
0.375
0.376
0.376
0.376
0.372
0.369
0.368
0.368
0.367
0.366
0.363
0.366
0.366
0.366
0.366
0.367
0.368
0.368
0.371
0.371
0.371
0.37
0.369
0.369
0.369
0.369
0.369
0.367
0.367
0.367
0.366
0.367
0.367
0.366
0.366
0.367
0.367
0.373
0.373
0.367
0.362
0.362
0.362
0.37
0.371
0.374
0.371
0.37
0.371
0.372
0.37
0.37
