0.369
0.369
0.372
0.372
0.372
0.371
0.366
0.363
0.366
0.369
0.369
0.369
0.369
0.372
0.369
0.37
0.365
0.366
0.365
0.365
0.365
0.363
0.359
0.359
0.363
0.368
0.368
0.368
0.36
0.36
0.36
0.362
0.366
0.366
0.366
0.366
0.366
0.366
0.363
0.365
0.365
0.366
0.365
0.365
0.369
0.367
0.367
0.367
0.367
0.366
0.357
0.357
0.357
0.36
0.366
0.366
0.371
0.369
0.366
0.365
0.367
0.366
0.364
0.366
0.367
0.367
0.367
0.367
0.369
0.368
0.365
0.364
0.365
0.365
0.365
0.366
0.366
0.366
0.363
0.363
0.363
0.364
0.365
0.373
0.371
0.373
0.371
0.371
0.366
0.366
0.366
0.366
0.366
0.368
0.368
0.368
0.368
0.372
0.375
0.375
0.375
0.376
0.376
0.374
0.374
0.377
0.381
0.381
0.382
0.382
0.377
0.377
0.377
0.377
0.377
0.377
0.377
0.377
0.378
0.376
0.376
0.374
0.374
0.374
0.379
0.38
0.382
0.384
0.384
0.384
0.385
0.389
0.389
0.389
0.384
0.384
0.384
0.387
0.387
0.393
0.396
0.396
0.399
0.397
0.398
0.398
0.403
0.398
0.4
0.4
0.4
0.399
0.399
0.397
0.399
0.399
0.402
0.402
0.405
0.409
0.414
0.414
0.415
0.415
0.415
0.417
0.424
0.424
0.424
0.424
0.424
0.416
0.42
0.424
0.424
0.426
0.427
0.427
0.428
0.43
0.432
0.431
0.433
0.433
0.435
0.435
0.445
0.445
0.445
0.441
0.439
0.439
0.441
0.443
0.445
0.446
0.445
0.443
0.445
0.446
0.452
0.455
0.455
0.455
0.468
0.468
0.468
0.469
0.469
0.475
0.475
0.476
0.476
0.478
0.478
0.48
0.481
0.49
0.491
0.491
0.492
0.494
0.494
0.494
0.498
0.502
0.502
0.505
0.51
0.511
0.514
0.515
0.518
0.521
0.523
0.525
0.528
0.528
0.528
0.53
0.528
0.53
0.534
0.534
0.539
0.542
0.554
0.558
0.558
0.558
0.557
0.557
0.557
0.562
0.569
0.577
0.577
0.577
0.571
0.571
0.57
0.568
0.565
0.564
0.561
0.558
0.551
0.549
0.549
0.549
0.549
0.549
0.545
0.542
0.542
0.539
0.539
0.539
0.539
0.541
0.541
0.539
0.539
0.535
0.532
0.532
0.532
0.529
0.525
0.529
0.524
0.528
0.528
0.528
0.527
0.527
0.52
0.518
0.518
0.514
0.517
0.517
0.511
0.509
0.511
0.51
0.507
0.507
0.507
0.507
0.504
0.503
0.502
0.499
0.498
0.499
0.498
0.496
0.496
0.495
0.495
0.495
0.494
0.488
0.488
0.482
0.482
0.488
0.488
0.488
0.488
0.488
0.486
0.481
0.481
0.481
0.48
0.481
0.48
0.476
0.471
0.471
0.471
0.473
0.479
0.479
0.473
0.472
0.471
0.471
0.47
0.47
0.47
0.47
0.469
0.468
0.469
0.468
0.468
0.468
0.468
0.468
0.469
0.469
0.469
0.469
0.467
0.467
0.467
0.459
0.463
0.463
0.463
0.463
0.463
0.463
0.462
0.461
0.462
0.466
0.462
0.458
0.458
0.458
0.458
0.467
0.467
0.467
0.466
0.464
0.46
0.464
0.455
0.459
0.459
0.462
0.459
0.46
0.46
0.453
0.453
0.453
0.453
0.455
0.455
0.457
0.457
0.455
0.455
0.457
0.455
0.455
0.452
0.452
0.452
0.453
0.454
0.457
0.457
0.458
0.458
0.458
0.458
0.458
0.458
0.462
0.465
0.462
0.462
0.462
0.461
0.456
0.461
0.461
0.461
0.459
0.459
0.457
0.456
0.456
0.456
0.456
0.457
0.457
0.456
0.456
0.457
0.46
0.46
0.461
0.461
0.456
0.454
0.456
0.455
0.455
0.458
0.462
0.462
0.462
0.462
0.462
0.463
0.466
0.466
0.466
0.466
0.47
0.468
0.468
0.47
0.47
0.47
0.47
0.47
0.464
0.464
0.464
0.466
0.466
0.466
0.466
0.466
0.471
0.472
0.476
0.476
0.48
0.48
0.48
0.479
0.479
0.471
0.471
0.471
0.48
0.481
0.483
0.485
0.485
0.487
0.488
0.488
0.489
0.49
0.49
0.492
0.498
0.499
0.499
0.501
0.501
0.501
0.502
0.502
0.502
0.505
0.505
0.506
0.506
0.506
0.506
0.509
0.509
0.51
0.51
0.51
0.517
0.517
0.517
0.517
0.517
0.517
0.52
0.523
0.523
0.525
0.525
0.525
0.525
0.525
0.525
0.526
0.526
0.528
0.53
0.532
0.536
0.536
0.54
0.544
0.545
0.545
0.549
0.549
0.55
0.554
0.555
0.556
0.564
0.564
0.565
0.565
0.567
0.573
0.573
0.574
0.577
0.579
0.579
0.579
0.58
0.58
0.591
0.591
0.582
0.582
0.567
0.563
0.557
0.557
0.557
0.557
0.559
0.559
0.55
0.545
0.544
0.542
0.542
0.542
0.533
0.532
0.532
0.532
0.525
0.518
0.515
0.512
0.512
0.507
0.507
0.507
0.509
0.507
0.507
0.509
0.516
0.507
0.505
0.504
0.504
0.5
0.492
0.492
0.492
0.491
0.492
0.491
0.487
0.486
0.486
0.486
0.486
0.484
0.48
0.48
0.478
0.474
0.467
0.467
0.459
0.459
0.464
0.464
0.459
0.459
0.459
0.459
0.459
0.459
0.459
0.456
0.456
0.452
0.45
0.45
0.45
0.447
0.447
0.447
0.447
0.442
0.442
0.439
0.439
0.437
0.433
0.432
0.432
0.432
0.432
0.432
0.432
0.429
0.424
0.424
0.424
0.422
0.425
0.429
0.425
0.425
0.425
0.428
0.424
0.42
0.42
0.42
0.419
0.418
0.415
0.413
0.413
0.411
0.411
0.41
0.41
0.41
0.409
0.407
0.406
0.406
0.406
0.406
0.406
0.404
0.404
0.402
0.402
0.404
0.404
0.404
0.406
0.404
0.404
0.404
0.397
0.394
0.397
0.397
0.397
0.397
0.397
0.397
0.397
0.395
0.395
0.397
0.395
0.395
0.395
0.395
0.392
0.393
0.392
0.392
0.393
0.393
0.394
0.394
0.39
0.387
0.386
0.386
0.386
0.386
0.386
0.384
0.384
0.384
0.389
0.389
0.389
0.389
0.389
0.386
0.386
0.386
0.386
0.388
0.389
0.389
0.389
0.388
0.381
0.381
0.386
0.381
0.377
0.386
0.386
0.382
0.382
0.383
0.382
0.382
0.381
0.38
0.38
0.38
0.384
0.384
0.384
0.384
0.386
0.385
0.386
0.386
0.386
0.385
0.385
0.384
0.384
0.384
0.385
0.384
0.384
0.384
0.379
0.379
0.378
0.378
0.379
0.38
0.379
0.379
0.382
0.382
0.377
0.378
0.382
0.384
0.385
0.387
0.387
0.387
0.388
0.388
0.388
0.389
0.39
0.39
0.394
0.394
0.394
0.389
0.392
0.392
0.394
0.392
0.392
0.387
0.387
0.386
0.386
0.39
0.39
0.391
0.391
0.392
0.395
0.395
0.395
0.395
0.393
0.391
0.391
0.392
0.392
0.392
0.393
0.393
0.395
0.398
0.401
0.403
0.404
0.405
0.405
0.406
0.407
0.408
0.409
0.41
0.41
0.41
0.409
0.409
0.409
0.411
0.408
0.411
0.414
0.414
0.413
0.413
0.413
0.413
0.413
0.413
0.415
0.416
0.416
0.416
0.416
0.415
0.414
0.414
0.415
0.419
0.422
0.422
0.425
0.423
0.427
0.427
0.43
0.432
0.432
0.432
0.436
0.436
0.438
0.439
0.441
0.442
0.442
0.442
0.442
0.445
0.445
0.446
0.45
0.452
0.454
0.454
0.456
0.458
0.463
0.463
0.464
0.464
0.464
0.464
0.468
0.471
0.471
0.473
0.478
0.478
0.478
0.479
0.482
0.484
0.483
0.486
0.486
0.489
0.489
0.489
0.493
0.494
0.494
0.494
0.499
0.501
0.501
0.504
0.504
0.506
0.508
0.508
0.508
0.509
0.518
0.518
0.518
0.521
0.523
0.525
0.53
0.53
0.533
0.533
0.535
0.535
0.543
0.544
0.552
0.555
0.555
0.563
0.563
0.563
0.563
0.564
0.569
0.573
0.573
0.573
0.578
0.579
0.581
0.588
0.588
0.593
0.597
0.597
0.597
0.6
0.601
0.612
0.613
0.625
0.626
0.627
0.629
0.636
0.645
0.645
0.645
0.645
0.657
0.656
0.657
0.661
0.671
0.677
0.679
0.687
0.69
0.698
0.7
0.706
0.707
0.709
0.712
0.724
0.728
0.728
0.736
0.749
0.753
0.754
0.755
0.767
0.769
0.773
0.779
0.781
0.785
0.791
0.799
0.803
0.819
0.821
0.822
0.839
0.851
0.867
0.869
0.872
0.887
0.889
0.904
0.904
0.913
0.926
0.929
0.944
0.95
0.962
0.966
0.984
0.99
1.013
1.013
1.015
1.015
1.01
1.009
1.003
1.002
0.998
0.993
0.991
0.991
0.993
0.996
0.996
0.996
0.998
0.993
0.993
0.993
0.993
0.985
0.985
0.984
0.984
0.984
0.978
0.976
0.976
0.976
0.975
0.974
0.971
0.971
