0.471
0.479
0.479
0.476
0.487
0.482
0.479
0.482
0.482
0.482
0.487
0.487
0.484
0.484
0.484
0.484
0.485
0.485
0.488
0.491
0.493
0.493
0.493
0.494
0.494
0.494
0.494
0.497
0.497
0.497
0.497
0.497
0.497
0.509
0.509
0.508
0.508
0.507
0.507
0.508
0.507
0.515
0.517
0.519
0.517
0.521
0.521
0.521
0.52
0.521
0.521
0.524
0.525
0.525
0.53
0.525
0.531
0.527
0.531
0.531
0.531
0.532
0.534
0.539
0.539
0.54
0.543
0.54
0.54
0.541
0.541
0.541
0.542
0.544
0.546
0.547
0.548
0.552
0.548
0.552
0.548
0.552
0.552
0.561
0.564
0.567
0.569
0.573
0.577
0.579
0.579
0.58
0.58
0.58
0.582
0.582
0.581
0.581
0.578
0.574
0.571
0.562
0.562
0.557
0.557
0.555
0.546
0.546
0.546
0.538
0.535
0.535
0.53
0.529
0.52
0.52
0.52
0.523
0.523
0.523
0.51
0.509
0.507
0.507
0.507
0.506
0.505
0.503
0.5
0.499
0.492
0.491
0.49
0.488
0.48
0.479
0.479
0.479
0.482
0.482
0.482
0.482
0.48
0.471
0.468
0.463
0.463
0.463
0.463
0.463
0.462
0.459
0.452
0.452
0.452
0.449
0.445
0.445
0.444
0.445
0.444
0.442
0.442
0.44
0.438
0.44
0.442
0.442
0.442
0.442
0.434
0.434
0.433
0.433
0.43
0.427
0.425
0.425
0.427
0.425
0.425
0.423
0.421
0.414
0.414
0.415
0.414
0.414
0.412
0.412
0.412
0.414
0.414
0.414
0.414
0.411
0.41
0.404
0.402
0.401
0.401
0.401
0.401
0.394
0.391
0.394
0.394
0.396
0.396
0.396
0.395
0.395
0.395
0.395
0.395
0.389
0.389
0.386
0.389
0.392
0.392
0.387
0.392
0.392
0.387
0.387
0.387
0.383
0.382
0.382
0.381
0.382
0.382
0.382
0.381
0.381
0.379
0.379
0.379
0.379
0.379
0.379
0.379
0.377
0.377
0.377
0.378
0.378
0.378
0.377
0.376
0.376
0.376
0.376
0.376
0.374
0.373
0.373
0.373
0.373
0.373
0.373
0.37
0.37
0.37
0.373
0.378
0.378
0.373
0.367
0.366
0.366
0.364
0.364
0.367
0.367
0.362
0.362
0.362
0.362
0.369
0.369
0.369
0.368
0.368
0.365
0.365
0.365
0.368
0.37
0.37
0.37
0.37
0.37
0.37
0.37
0.37
0.367
0.37
0.37
0.37
0.368
0.368
0.368
0.366
0.368
0.373
0.373
0.373
0.373
0.371
0.37
0.371
0.37
0.37
0.37
0.37
0.37
0.369
0.369
0.368
0.369
0.368
0.366
0.366
0.369
0.368
0.371
0.371
0.369
0.368
0.368
0.368
0.368
0.375
0.375
0.376
0.375
0.374
0.374
0.37
0.37
0.374
0.376
0.38
0.38
0.38
0.375
0.374
0.374
0.373
0.374
0.374
0.381
0.383
0.384
0.384
0.383
0.383
0.383
0.38
0.38
0.38
0.38
0.38
0.382
0.382
0.383
0.383
0.387
0.383
0.385
0.386
0.386
0.386
0.389
0.39
0.391
0.39
0.391
0.395
0.399
0.399
0.399
0.396
0.397
0.397
0.397
0.401
0.401
0.401
0.401
0.406
0.406
0.407
0.407
0.407
0.407
0.407
0.407
0.407
0.41
0.413
0.41
0.41
0.413
0.413
0.413
0.413
0.416
0.416
0.417
0.418
0.419
0.419
0.423
0.424
0.424
0.424
0.424
0.424
0.429
0.43
0.431
0.431
0.431
0.431
0.431
0.431
0.431
0.428
0.427
0.427
0.432
0.439
0.444
0.444
0.447
0.447
0.447
0.447
0.454
0.455
0.462
0.463
0.463
0.464
0.463
0.467
0.468
0.47
0.47
0.47
0.474
0.479
0.474
0.474
0.474
0.477
0.477
0.477
0.477
0.48
0.485
0.494
0.494
0.494
0.496
0.496
0.499
0.503
0.504
0.505
0.505
0.508
0.508
0.508
0.508
0.508
0.516
0.516
0.516
0.516
0.516
0.527
0.527
0.527
0.528
0.529
0.529
0.54
0.542
0.545
0.547
0.549
0.554
0.554
0.554
0.556
0.556
0.556
0.562
0.564
0.565
0.572
0.569
0.569
0.566
0.566
0.565
0.561
0.56
0.554
0.551
0.551
0.551
0.55
0.546
0.546
0.545
0.543
0.533
0.528
0.528
0.528
0.538
0.538
0.538
0.536
0.536
0.533
0.533
0.529
0.531
0.528
0.522
0.523
0.523
0.522
0.522
0.518
0.515
0.514
0.514
0.513
0.506
0.506
0.504
0.501
0.504
0.506
0.504
0.5
0.499
0.499
0.499
0.505
0.505
0.505
0.503
0.501
0.498
0.498
0.49
0.49
0.497
0.49
0.49
0.49
0.484
0.477
0.477
0.483
0.477
0.481
0.481
0.481
0.476
0.481
0.482
0.483
0.483
0.483
0.476
0.472
0.472
0.476
0.476
0.476
0.476
0.474
0.47
0.47
0.47
0.469
0.469
0.469
0.468
0.469
0.469
0.469
0.469
0.469
0.466
0.466
0.466
0.466
0.464
0.466
0.465
0.466
0.466
0.466
0.468
0.468
0.466
0.464
0.466
0.466
0.466
0.466
0.472
0.472
0.465
0.467
0.465
0.463
0.463
0.459
0.459
0.458
0.458
0.459
0.459
0.459
0.459
0.455
0.452
0.452
0.452
0.454
0.459
0.461
0.461
0.461
0.459
0.455
0.453
0.453
0.453
0.453
0.461
0.461
0.461
0.46
0.46
0.458
0.46
0.463
0.463
0.463
0.463
0.464
0.463
0.46
0.46
0.457
0.457
0.452
0.452
0.463
0.463
0.46
0.462
0.462
0.462
0.465
0.465
0.465
0.464
0.464
0.463
0.464
0.463
0.466
0.466
0.466
0.466
0.466
0.463
0.459
0.459
0.459
0.465
0.466
0.466
0.465
0.463
0.463
0.463
0.463
0.465
0.465
0.466
0.468
0.468
0.468
0.471
0.471
0.471
0.471
0.471
0.471
0.473
0.472
0.473
0.473
0.472
0.472
0.471
0.471
0.471
0.476
0.471
0.476
0.478
0.478
0.482
0.482
0.482
0.482
0.483
0.483
0.483
0.483
0.483
0.494
0.494
0.487
0.487
0.487
0.487
0.487
0.495
0.495
0.495
0.495
0.496
0.495
0.493
0.495
0.495
0.495
0.503
0.503
0.503
0.502
0.502
0.501
0.501
0.504
0.506
0.504
0.506
0.504
0.506
0.506
0.512
0.513
0.514
0.514
0.515
0.515
0.515
0.516
0.517
0.517
0.517
0.52
0.522
0.523
0.532
0.532
0.532
0.532
0.532
0.532
0.536
0.536
0.536
0.536
0.536
0.536
0.537
0.538
0.548
0.553
0.555
0.558
0.558
0.558
0.558
0.563
0.563
0.565
0.565
0.563
0.565
0.573
0.573
0.573
0.575
0.582
0.577
0.582
0.584
0.584
0.59
0.591
0.596
0.596
0.591
0.586
0.581
0.58
0.58
0.573
0.57
0.567
0.562
0.562
0.559
0.558
0.555
0.552
0.549
0.548
0.548
0.548
0.539
0.535
0.521
0.521
0.521
0.52
0.521
0.515
0.515
0.515
0.515
0.509
0.507
0.505
0.504
0.503
0.503
0.503
0.501
0.501
0.501
0.497
0.491
0.491
0.491
0.49
0.49
0.49
0.485
0.484
0.481
0.481
0.482
0.482
0.481
0.481
0.466
0.466
0.464
0.464
0.464
0.462
0.462
0.458
0.458
0.458
0.452
0.451
0.451
0.451
0.451
0.449
0.452
0.452
0.446
0.446
0.443
0.442
0.442
0.44
0.433
0.432
0.43
0.43
0.43
0.43
0.427
0.425
0.425
0.427
0.425
0.426
0.426
0.425
0.424
0.424
0.423
0.423
0.422
0.422
0.419
0.419
0.415
0.415
0.415
0.411
0.411
0.411
0.411
0.411
0.409
0.409
0.405
0.405
0.405
0.405
0.408
0.411
0.411
0.409
0.408
0.409
0.403
0.403
0.403
0.403
0.397
0.397
0.397
0.395
0.397
0.397
0.395
0.395
0.395
0.395
0.395
0.395
0.395
0.395
0.395
0.396
0.396
0.396
0.39
0.39
0.389
0.389
0.389
0.382
0.382
0.382
0.389
0.382
0.387
0.387
0.388
0.387
0.387
0.385
0.385
0.385
0.385
0.385
0.382
0.381
0.381
0.386
0.386
0.386
0.388
0.388
0.388
0.385
0.385
0.385
0.385
0.385
0.383
0.378
0.375
0.378
0.378
0.381
0.381
0.381
0.381
0.381
0.379
0.381
0.383
0.383
0.382
0.385
0.387
0.382
0.382
0.385
0.377
0.377
0.377
0.384
0.381
0.381
0.381
0.381
0.381
0.381
0.385
0.385
0.383
0.383
0.381
0.381
0.376
0.376
0.376
0.376
0.376
0.376
0.38
0.376
0.38
0.38
0.38
0.38
0.382
0.384
0.384
0.377
0.384
0.379
0.377
0.379
0.379
0.379
0.379
0.381
0.381
0.381
0.381
0.381
0.381
0.382
0.382
0.382
0.382
0.386
0.389
0.388
0.388
0.386
0.388
0.388
0.392
0.392
0.392
0.39
0.39
0.39
0.39
