0.364
0.373
0.38
0.376
0.376
0.38
0.38
0.379
0.38
0.38
0.38
0.385
0.385
0.388
0.388
0.388
0.393
0.393
0.39
0.39
0.39
0.39
0.392
0.396
0.396
0.396
0.392
0.396
0.393
0.401
0.396
0.401
0.401
0.402
0.405
0.409
0.409
0.409
0.408
0.408
0.404
0.404
0.402
0.402
0.402
0.405
0.407
0.409
0.407
0.409
0.412
0.412
0.412
0.414
0.414
0.417
0.42
0.421
0.425
0.423
0.423
0.425
0.425
0.429
0.431
0.432
0.432
0.432
0.433
0.435
0.436
0.441
0.441
0.443
0.443
0.441
0.441
0.442
0.442
0.447
0.447
0.447
0.451
0.452
0.454
0.458
0.459
0.46
0.469
0.471
0.472
0.475
0.475
0.475
0.477
0.477
0.477
0.478
0.479
0.479
0.483
0.489
0.489
0.49
0.492
0.496
0.501
0.501
0.501
0.502
0.501
0.502
0.511
0.512
0.512
0.514
0.514
0.514
0.521
0.522
0.528
0.532
0.533
0.534
0.536
0.54
0.542
0.551
0.551
0.551
0.549
0.549
0.549
0.561
0.562
0.564
0.567
0.567
0.572
0.576
0.576
0.577
0.577
0.575
0.566
0.561
0.56
0.559
0.556
0.556
0.551
0.551
0.551
0.551
0.549
0.546
0.54
0.535
0.535
0.537
0.537
0.534
0.536
0.534
0.534
0.534
0.531
0.531
0.531
0.531
0.531
0.528
0.528
0.529
0.528
0.528
0.52
0.52
0.52
0.518
0.518
0.517
0.517
0.505
0.505
0.51
0.51
0.51
0.51
0.51
0.504
0.504
0.504
0.504
0.503
0.503
0.501
0.5
0.495
0.497
0.491
0.486
0.486
0.486
0.486
0.486
0.486
0.49
0.49
0.486
0.486
0.487
0.486
0.487
0.488
0.488
0.483
0.475
0.475
0.475
0.475
0.475
0.477
0.478
0.477
0.477
0.474
0.471
0.471
0.47
0.47
0.47
0.467
0.467
0.47
0.47
0.467
0.47
0.47
0.47
0.468
0.468
0.466
0.468
0.466
0.463
0.46
0.46
0.46
0.463
0.46
0.46
0.46
0.455
0.455
0.455
0.461
0.464
0.464
0.461
0.461
0.462
0.461
0.461
0.459
0.459
0.458
0.454
0.453
0.453
0.453
0.453
0.453
0.453
0.455
0.455
0.455
0.458
0.458
0.459
0.459
0.459
0.459
0.459
0.459
0.461
0.461
0.458
0.457
0.456
0.456
0.455
0.456
0.456
0.454
0.454
0.454
0.454
0.457
0.457
0.457
0.459
0.46
0.46
0.464
0.464
0.465
0.465
0.465
0.465
0.463
0.461
0.46
0.46
0.459
0.459
0.459
0.465
0.465
0.465
0.465
0.463
0.463
0.463
0.462
0.46
0.459
0.459
0.459
0.46
0.462
0.462
0.462
0.462
0.462
0.463
0.465
0.465
0.467
0.468
0.467
0.467
0.463
0.462
0.462
0.462
0.462
0.463
0.466
0.466
0.466
0.469
0.47
0.472
0.475
0.475
0.475
0.475
0.475
0.475
0.472
0.472
0.47
0.469
0.469
0.469
0.471
0.475
0.475
0.475
0.484
0.479
0.479
0.484
0.486
0.486
0.486
0.486
0.487
0.487
0.489
0.492
0.495
0.494
0.495
0.497
0.497
0.499
0.499
0.499
0.499
0.504
0.504
0.504
0.499
0.499
0.499
0.498
0.5
0.501
0.501
0.505
0.514
0.514
0.514
0.515
0.518
0.515
0.518
0.521
0.521
0.522
0.522
0.524
0.524
0.524
0.524
0.532
0.535
0.532
0.528
0.532
0.528
0.528
0.532
0.535
0.54
0.54
0.541
0.544
0.544
0.546
0.547
0.552
0.553
0.554
0.555
0.555
0.555
0.556
0.556
0.564
0.565
0.565
0.563
0.566
0.567
0.567
0.577
0.577
0.577
0.577
0.577
0.584
0.585
0.585
0.601
0.601
0.601
0.598
0.587
0.577
0.572
0.567
0.56
0.56
0.56
0.557
0.555
0.549
0.544
0.544
0.544
0.544
0.544
0.538
0.536
0.534
0.529
0.528
0.523
0.517
0.516
0.511
0.509
0.509
0.511
0.508
0.507
0.507
0.502
0.494
0.494
0.492
0.49
0.49
0.49
0.491
0.491
0.491
0.489
0.483
0.481
0.48
0.479
0.476
0.474
0.474
0.474
0.474
0.474
0.469
0.465
0.461
0.458
0.458
0.457
0.454
0.455
0.455
0.455
0.455
0.455
0.455
0.452
0.446
0.446
0.448
0.451
0.448
0.448
0.443
0.442
0.44
0.439
0.437
0.437
0.435
0.43
0.43
0.43
0.427
0.427
0.429
0.429
0.429
0.429
0.429
0.426
0.425
0.422
0.422
0.423
0.422
0.421
0.42
0.416
0.416
0.416
0.41
0.41
0.41
0.41
0.412
0.412
0.41
0.412
0.415
0.415
0.415
0.415
0.412
0.408
0.405
0.402
0.402
0.397
0.402
0.402
0.402
0.395
0.395
0.395
0.398
0.398
0.398
0.398
0.398
0.394
0.394
0.392
0.396
0.391
0.391
0.391
0.395
0.393
0.394
0.394
0.394
0.393
0.389
0.389
0.395
0.389
0.388
0.39
0.39
0.39
0.39
0.391
0.392
0.392
0.391
0.391
0.387
0.381
0.387
0.385
0.385
0.383
0.383
0.382
0.382
0.382
0.38
0.382
0.382
0.382
0.382
0.382
0.383
0.384
0.384
0.384
0.383
0.383
0.383
0.385
0.385
0.385
0.385
0.385
0.385
0.382
0.386
0.383
0.383
0.383
0.387
0.384
0.387
0.384
0.384
0.384
0.392
0.389
0.389
0.389
0.387
0.385
0.385
0.385
0.385
0.386
0.386
0.386
0.386
0.389
0.388
0.389
0.389
0.389
0.388
0.389
0.39
0.39
0.377
0.39
0.385
0.385
0.387
0.389
0.387
0.387
0.387
0.387
0.387
0.391
0.394
0.394
0.394
0.391
0.39
0.39
0.39
0.39
0.389
0.389
0.386
0.389
0.398
0.398
0.385
0.388
0.385
0.384
0.384
0.388
0.389
0.392
0.392
0.392
0.394
0.394
0.392
0.392
0.392
0.392
0.392
0.392
0.398
0.399
0.399
0.399
0.401
0.401
0.401
0.401
0.402
0.401
0.402
0.398
0.404
0.404
0.405
0.405
0.413
0.413
0.412
0.412
0.413
0.412
0.413
0.413
0.417
0.418
0.42
0.42
0.42
0.416
0.413
0.412
0.412
0.412
0.413
0.425
0.425
0.425
0.425
0.424
0.424
0.425
0.429
0.428
0.429
0.43
0.43
0.434
0.432
0.432
0.431
0.431
0.438
0.439
0.438
0.444
0.45
0.444
0.442
0.442
0.442
0.442
0.444
0.447
0.448
0.448
0.453
0.454
0.454
0.454
0.453
0.455
0.46
0.46
0.46
0.461
0.462
0.462
0.464
0.464
0.462
0.462
0.472
0.472
0.472
0.479
0.484
0.484
0.484
0.484
0.485
0.485
0.486
0.489
0.489
0.496
0.496
0.496
0.496
0.496
0.497
0.5
0.512
0.512
0.513
0.513
0.513
0.513
0.515
0.517
0.523
0.526
0.527
0.528
0.532
0.532
0.535
0.536
0.542
0.542
0.548
0.548
0.549
0.552
0.553
0.556
0.56
0.558
0.561
0.563
0.563
0.566
0.571
0.575
0.575
0.584
0.585
0.585
0.594
0.595
0.596
0.601
0.606
0.61
0.61
0.612
0.613
0.613
0.621
0.622
0.636
0.643
0.644
0.643
0.644
0.644
0.646
0.664
0.666
0.666
0.67
0.675
0.678
0.681
0.684
0.688
0.696
0.697
0.703
0.712
0.712
0.714
0.721
0.73
0.732
0.733
0.745
0.749
0.76
0.766
0.771
0.78
0.786
0.789
0.8
0.803
0.816
0.82
0.82
0.825
0.838
0.847
0.848
0.866
0.873
0.876
0.879
0.887
0.902
0.907
0.922
0.932
0.938
0.954
0.962
0.972
0.988
1.003
1.016
1.027
1.027
1.027
1.021
1.014
1.007
1.007
1.005
1.007
1.005
1.005
1.004
1.003
1.003
0.997
1.001
1.001
0.997
0.996
0.994
0.99
0.99
0.989
0.989
0.989
0.988
0.986
0.983
0.982
0.983
0.983
0.982
0.977
0.977
0.975
0.975
0.975
0.975
0.973
0.975
0.973
0.97
0.973
0.973
0.97
0.97
0.973
0.973
0.97
0.97
0.968
0.968
0.963
0.963
0.964
0.968
0.964
0.964
0.959
0.959
0.956
0.956
0.956
0.956
0.956
0.956
0.956
0.962
0.956
0.956
0.962
0.956
0.956
0.957
0.962
0.96
0.96
0.961
0.96
0.96
0.95
0.961
0.951
0.955
0.951
0.952
0.952
0.955
0.952
0.956
0.956
0.956
0.955
0.96
0.955
0.955
0.955
0.953
0.953
0.953
0.956
0.953
0.958
0.959
0.958
0.958
0.963
0.963
0.962
0.964
0.962
0.962
0.962
0.962
0.952
0.952
0.952
0.955
0.957
0.959
0.959
0.959
0.958
0.957
0.95
0.942
0.905
0.867
0.608
0.531
0.506
0.49
0.481
0.481
0.484
0.484
0.484
0.484
0.486
0.486
0.486
0.486
0.486
0.486
0.484
0.476
0.476
0.48
0.48
0.48
