0.971
0.971
0.971
0.97
0.967
0.967
0.97
0.967
0.973
0.973
0.97
0.964
0.964
0.964
0.96
0.964
0.961
0.96
0.961
0.961
0.959
0.959
0.96
0.96
0.96
0.96
0.956
0.956
0.956
0.956
0.954
0.954
0.954
0.954
0.95
0.949
0.949
0.945
0.945
0.945
0.943
0.948
0.948
0.952
0.95
0.952
0.952
0.953
0.95
0.95
0.948
0.948
0.948
0.957
0.957
0.957
0.954
0.952
0.952
0.952
0.951
0.949
0.949
0.949
0.95
0.949
0.95
0.952
0.952
0.952
0.952
0.952
0.952
0.953
0.951
0.953
0.953
0.953
0.952
0.952
0.951
0.951
0.95
0.95
0.955
0.957
0.955
0.957
0.957
0.955
0.955
0.957
0.955
0.957
0.958
0.958
0.953
0.949
0.943
0.938
0.9
0.637
0.539
0.499
0.484
0.484
0.481
0.481
0.48
0.48
0.479
0.476
0.476
0.476
0.482
0.482
0.482
0.482
0.482
0.487
0.482
0.487
0.487
0.483
0.483
0.483
0.483
0.486
0.486
0.486
0.486
0.491
0.491
0.492
0.493
0.492
0.493
0.496
0.496
0.497
0.497
0.501
0.501
0.501
0.501
0.502
0.506
0.506
0.501
0.506
0.505
0.503
0.503
0.505
0.505
0.51
0.513
0.514
0.514
0.514
0.514
0.517
0.517
0.52
0.521
0.523
0.523
0.524
0.525
0.527
0.53
0.53
0.535
0.535
0.53
0.529
0.53
0.53
0.535
0.535
0.535
0.535
0.532
0.531
0.532
0.532
0.536
0.536
0.536
0.54
0.541
0.544
0.548
0.55
0.55
0.551
0.553
0.554
0.553
0.555
0.555
0.558
0.562
0.567
0.568
0.577
0.577
0.577
0.58
0.582
0.583
0.593
0.593
0.593
0.589
0.587
0.58
0.579
0.577
0.571
0.568
0.564
0.555
0.553
0.548
0.552
0.548
0.547
0.547
0.54
0.534
0.534
0.533
0.533
0.528
0.528
0.524
0.521
0.515
0.511
0.509
0.508
0.505
0.504
0.497
0.495
0.492
0.492
0.492
0.49
0.489
0.487
0.487
0.487
0.488
0.488
0.488
0.479
0.478
0.478
0.478
0.478
0.472
0.471
0.471
0.471
0.467
0.467
0.467
0.46
0.454
0.454
0.452
0.452
0.455
0.455
0.455
0.455
0.452
0.446
0.446
0.443
0.441
0.44
0.436
0.436
0.436
0.435
0.435
0.435
0.435
0.435
0.434
0.432
0.426
0.424
0.421
0.421
0.42
0.417
0.417
0.416
0.417
0.417
0.415
0.415
0.414
0.41
0.409
0.409
0.409
0.409
0.408
0.408
0.41
0.407
0.407
0.405
0.405
0.399
0.398
0.398
0.399
0.398
0.397
0.393
0.393
0.392
0.392
0.396
0.396
0.398
0.398
0.396
0.395
0.388
0.388
0.385
0.386
0.386
0.386
0.386
0.389
0.389
0.389
0.38
0.38
0.38
0.38
0.381
0.381
0.381
0.383
0.376
0.376
0.381
0.381
0.373
0.374
0.373
0.373
0.374
0.376
0.376
0.376
0.376
0.376
0.376
0.376
0.377
0.377
0.377
0.372
0.372
0.372
0.373
0.373
0.373
0.371
0.371
0.371
0.376
0.376
0.376
0.374
0.371
0.37
0.37
0.371
0.37
0.371
0.371
0.374
0.368
0.374
0.364
0.368
0.368
0.37
0.368
0.368
0.37
0.364
0.364
0.368
0.369
0.369
0.369
0.369
0.369
0.367
0.367
0.367
0.372
0.374
0.374
0.372
0.368
0.367
0.366
0.366
0.366
0.366
0.367
0.368
0.367
0.367
0.368
0.37
0.374
0.374
0.374
0.374
0.373
0.372
0.372
0.374
0.372
0.374
0.374
0.369
0.369
0.372
0.372
0.372
0.372
0.372
0.369
0.369
0.369
0.369
0.369
0.369
0.369
0.369
0.37
0.37
0.371
0.374
0.378
0.378
0.378
0.378
0.378
0.375
0.375
0.374
0.373
0.373
0.373
0.373
0.373
0.383
0.385
0.385
0.377
0.377
0.377
0.377
0.385
0.385
0.385
0.385
0.383
0.383
0.383
0.383
0.381
0.386
0.381
0.381
0.383
0.384
0.384
0.388
0.388
0.385
0.385
0.385
0.385
0.39
0.39
0.395
0.39
0.39
0.391
0.391
0.391
0.393
0.396
0.399
0.401
0.401
0.399
0.399
0.404
0.404
0.404
0.405
0.405
0.405
0.407
0.407
0.41
0.413
0.41
0.41
0.407
0.407
0.407
0.41
0.417
0.417
0.417
0.415
0.415
0.415
0.418
0.423
0.428
0.428
0.428
0.427
0.427
0.423
0.427
0.427
0.432
0.433
0.435
0.44
0.44
0.441
0.441
0.442
0.442
0.445
0.448
0.448
0.448
0.448
0.453
0.454
0.454
0.453
0.453
0.459
0.455
0.458
0.46
0.464
0.466
0.469
0.47
0.476
0.479
0.481
0.48
0.48
0.479
0.48
0.48
0.483
0.483
0.487
0.488
0.49
0.497
0.497
0.497
0.498
0.499
0.5
0.503
0.504
0.507
0.514
0.516
0.519
0.519
0.519
0.52
0.527
0.53
0.538
0.541
0.543
0.544
0.545
0.545
0.546
0.547
0.551
0.551
0.552
0.553
0.556
0.558
0.562
0.563
0.567
0.572
0.574
0.574
0.576
0.576
0.575
0.57
0.572
0.568
0.566
0.566
0.564
0.562
0.559
0.558
0.558
0.554
0.554
0.542
0.542
0.538
0.537
0.535
0.534
0.534
0.531
0.535
0.531
0.531
0.53
0.525
0.524
0.524
0.524
0.524
0.524
0.524
0.52
0.517
0.516
0.516
0.517
0.519
0.519
0.519
0.514
0.514
0.514
0.508
0.508
0.507
0.505
0.503
0.503
0.503
0.503
0.502
0.507
0.5
0.5
0.498
0.498
0.496
0.494
0.496
0.497
0.497
0.497
0.497
0.492
0.492
0.491
0.491
0.491
0.491
0.488
0.488
0.488
0.487
0.484
0.483
0.481
0.48
0.48
0.478
0.477
0.477
0.477
0.477
0.478
0.481
0.478
0.478
0.481
0.476
0.474
0.471
0.471
0.471
0.471
0.47
0.47
0.468
0.468
0.467
0.467
0.467
0.463
0.469
0.47
0.47
0.47
0.47
0.468
0.468
0.465
0.464
0.464
0.464
0.464
0.465
0.468
0.468
0.468
0.47
0.468
0.467
0.463
0.463
0.463
0.464
0.464
0.464
0.463
0.463
0.459
0.462
0.462
0.462
0.46
0.46
0.459
0.459
0.459
0.459
0.459
0.459
0.463
0.463
0.458
0.456
0.453
0.453
0.453
0.453
0.454
0.454
0.454
0.457
0.459
0.461
0.464
0.464
0.461
0.459
0.458
0.458
0.459
0.459
0.459
0.459
0.458
0.454
0.454
0.458
0.465
0.465
0.465
0.466
0.458
0.458
0.46
0.462
0.46
0.462
0.462
0.458
0.458
0.459
0.459
0.459
0.459
0.459
0.459
0.464
0.464
0.464
0.464
0.466
0.467
0.469
0.469
0.469
0.469
0.471
0.469
0.471
0.473
0.474
0.475
0.475
0.475
0.475
0.471
0.471
0.471
0.471
0.472
0.472
0.472
0.474
0.476
0.476
0.477
0.476
0.476
0.476
0.476
0.476
0.482
0.482
0.483
0.483
0.482
0.483
0.485
0.484
0.484
0.486
0.486
0.485
0.486
0.487
0.492
0.492
0.495
0.495
0.495
0.495
0.496
0.496
0.495
0.495
0.493
0.493
0.499
0.508
0.509
0.509
0.509
0.506
0.506
0.503
0.506
0.508
0.509
0.511
0.511
0.513
0.513
0.513
0.513
0.523
0.525
0.525
0.523
0.523
0.52
0.52
0.52
0.522
0.527
0.534
0.534
0.535
0.536
0.538
0.535
0.541
0.541
0.541
0.547
0.549
0.553
0.553
0.554
0.555
0.561
0.561
0.567
0.567
0.567
0.567
0.569
0.57
0.573
0.573
0.576
0.577
0.576
0.572
0.585
0.585
0.585
0.589
0.592
0.592
0.596
0.596
0.589
0.588
0.582
0.58
0.577
0.569
0.568
0.568
0.568
0.567
0.564
0.56
0.559
0.555
0.543
0.543
0.541
0.532
0.529
0.527
0.523
0.521
0.52
0.515
0.515
0.513
0.511
0.511
0.511
0.511
0.511
0.507
0.504
0.503
0.502
0.503
0.502
0.501
0.5
0.495
0.492
0.489
0.485
0.485
0.484
0.485
0.484
0.484
0.48
0.48
0.478
0.477
0.477
0.474
0.47
0.465
0.463
0.458
0.458
0.457
0.452
0.452
0.452
0.452
0.452
0.452
0.449
0.448
0.448
0.448
0.448
0.447
0.437
0.437
0.437
0.439
0.441
0.441
0.439
0.437
0.436
0.434
0.434
0.429
0.431
0.429
0.419
0.419
0.43
0.42
0.43
0.43
0.423
0.422
0.423
0.423
0.423
0.422
0.416
0.416
0.413
0.41
0.406
0.406
0.406
0.406
0.406
0.406
0.408
0.408
0.409
0.406
0.406
0.405
0.403
0.403
0.403
0.402
0.405
0.405
0.396
0.396
0.396
0.396
0.395
0.395
0.395
0.395
0.395
0.395
0.395
0.393
0.393
0.393
0.393
0.394
0.397
0.397
0.397
0.397

