0.527
0.527
0.534
0.534
0.535
0.537
0.538
0.539
0.539
0.543
0.543
0.549
0.558
0.558
0.563
0.567
0.563
0.563
0.569
0.573
0.582
0.582
0.585
0.585
0.593
0.596
0.597
0.601
0.603
0.61
0.61
0.617
0.617
0.617
0.623
0.626
0.632
0.64
0.641
0.641
0.645
0.65
0.651
0.652
0.66
0.663
0.671
0.68
0.681
0.683
0.688
0.694
0.703
0.704
0.714
0.715
0.72
0.732
0.732
0.732
0.733
0.749
0.749
0.755
0.765
0.77
0.771
0.778
0.787
0.79
0.8
0.806
0.816
0.816
0.83
0.84
0.844
0.853
0.873
0.874
0.875
0.878
0.886
0.897
0.904
0.919
0.928
0.94
0.944
0.962
0.973
0.985
0.993
1.005
1.014
1.014
1.014
1.012
1.009
1.009
1.009
1.003
0.998
0.997
0.994
0.994
0.997
1.003
1.003
1.003
1
0.993
0.993
0.993
0.993
0.987
0.981
0.981
0.977
0.98
0.98
0.98
0.977
0.976
0.975
0.975
0.973
0.973
0.973
0.973
0.973
0.969
0.968
0.968
0.969
0.969
0.97
0.97
0.968
0.963
0.963
0.962
0.959
0.959
0.96
0.96
0.96
0.961
0.96
0.957
0.957
0.957
0.954
0.954
0.954
0.954
0.954
0.952
0.946
0.946
0.946
0.946
0.951
0.951
0.951
0.951
0.951
0.949
0.949
0.949
0.955
0.955
0.955
0.955
0.955
0.956
0.957
0.957
0.956
0.954
0.954
0.952
0.952
0.949
0.949
0.949
0.952
0.956
0.956
0.954
0.954
0.954
0.953
0.952
0.952
0.953
0.952
0.953
0.953
0.953
0.953
0.953
0.953
0.955
0.955
0.958
0.955
0.958
0.951
0.951
0.951
0.957
0.957
0.959
0.96
0.959
0.96
0.96
0.946
0.946
0.93
0.899
0.643
0.541
0.489
0.481
0.481
0.481
0.481
0.484
0.487
0.487
0.487
0.485
0.484
0.477
0.477
0.476
0.477
0.477
0.479
0.485
0.487
0.489
0.489
0.489
0.49
0.49
0.49
0.49
0.493
0.493
0.495
0.495
0.496
0.496
0.496
0.496
0.496
0.497
0.502
0.502
0.502
0.499
0.499
0.499
0.502
0.507
0.507
0.509
0.509
0.506
0.506
0.506
0.506
0.51
0.51
0.51
0.511
0.511
0.51
0.511
0.516
0.516
0.516
0.518
0.516
0.524
0.524
0.524
0.519
0.519
0.518
0.518
0.518
0.523
0.527
0.528
0.54
0.543
0.543
0.542
0.543
0.544
0.542
0.544
0.544
0.544
0.544
0.545
0.545
0.547
0.547
0.553
0.552
0.552
0.552
0.552
0.552
0.561
0.562
0.562
0.565
0.566
0.573
0.576
0.581
0.582
0.582
0.582
0.582
0.584
0.585
0.591
0.591
0.591
0.585
0.576
0.576
0.571
0.564
0.564
0.56
0.557
0.545
0.544
0.544
0.544
0.544
0.544
0.545
0.542
0.537
0.533
0.533
0.53
0.525
0.524
0.518
0.518
0.519
0.519
0.517
0.517
0.516
0.513
0.513
0.499
0.499
0.496
0.492
0.491
0.486
0.486
0.486
0.486
0.486
0.486
0.482
0.482
0.48
0.476
0.476
0.476
0.469
0.465
0.468
0.463
0.458
0.458
0.458
0.458
0.453
0.453
0.453
0.441
0.441
0.441
0.442
0.447
0.447
0.442
0.441
0.441
0.437
0.437
0.436
0.436
0.436
0.436
0.436
0.435
0.435
0.434
0.429
0.425
0.424
0.424
0.424
0.424
0.424
0.419
0.414
0.414
0.415
0.415
0.415
0.415
0.412
0.412
0.411
0.412
0.415
0.415
0.411
0.411
0.407
0.407
0.407
0.404
0.404
0.397
0.395
0.395
0.395
0.397
0.398
0.398
0.398
0.396
0.396
0.396
0.396
0.397
0.397
0.397
0.397
0.389
0.389
0.389
0.387
0.384
0.384
0.384
0.384
0.386
0.387
0.389
0.389
0.389
0.389
0.39
0.386
0.383
0.383
0.384
0.384
0.384
0.384
0.382
0.379
0.375
0.375
0.377
0.372
0.372
0.372
0.372
0.372
0.372
0.373
0.373
0.372
0.371
0.372
0.372
0.377
0.377
0.377
0.371
0.369
0.369
0.371
0.369
0.369
0.371
0.371
0.371
0.371
0.371
0.371
0.37
0.37
0.37
0.37
0.37
0.368
0.368
0.362
0.362
0.363
0.367
0.367
0.367
0.364
0.364
0.363
0.363
0.363
0.369
0.369
0.37
0.369
0.369
0.369
0.37
0.369
0.371
0.369
0.371
0.366
0.366
0.366
0.364
0.364
0.365
0.371
0.372
0.373
0.373
0.373
0.372
0.37
0.368
0.368
0.367
0.367
0.365
0.365
0.37
0.372
0.37
0.373
0.37
0.369
0.369
0.369
0.369
0.37
0.37
0.37
0.37
0.37
0.369
0.369
0.367
0.367
0.37
0.37
0.37
0.372
0.37
0.37
0.372
0.372
0.372
0.372
0.372
0.372
0.372
0.376
0.376
0.38
0.38
0.38
0.38
0.379
0.377
0.377
0.376
0.376
0.376
0.377
0.38
0.38
0.386
0.386
0.386
0.382
0.386
0.382
0.384
0.384
0.386
0.386
0.387
0.39
0.39
0.39
0.39
0.389
0.389
0.393
0.389
0.393
0.398
0.396
0.396
0.398
0.405
0.405
0.405
0.405
0.405
0.405
0.402
0.402
0.405
0.4
0.4
0.4
0.4
0.4
0.402
0.412
0.412
0.412
0.412
0.413
0.413
0.413
0.413
0.413
0.417
0.417
0.417
0.421
0.422
0.423
0.426
0.427
0.424
0.427
0.427
0.431
0.435
0.436
0.437
0.441
0.441
0.443
0.443
0.443
0.443
0.443
0.449
0.449
0.449
0.454
0.456
0.456
0.457
0.457
0.459
0.459
0.459
0.459
0.459
0.462
0.469
0.471
0.471
0.473
0.472
0.472
0.472
0.474
0.474
0.474
0.477
0.479
0.479
0.486
0.486
0.486
0.487
0.487
0.487
0.495
0.496
0.497
0.499
0.501
0.501
0.503
0.515
0.515
0.516
0.517
0.517
0.517
0.518
0.525
0.525
0.525
0.525
0.532
0.532
0.542
0.543
0.544
0.546
0.549
0.55
0.554
0.559
0.568
0.568
0.568
0.568
0.568
0.57
0.574
0.575
0.577
0.579
0.579
0.577
0.575
0.573
0.573
0.567
0.566
0.566
0.565
0.563
0.56
0.559
0.557
0.553
0.553
0.546
0.545
0.544
0.544
0.544
0.545
0.545
0.545
0.537
0.537
0.536
0.531
0.527
0.527
0.527
0.527
0.527
0.524
0.524
0.521
0.516
0.516
0.516
0.519
0.517
0.519
0.519
0.517
0.512
0.512
0.512
0.511
0.509
0.509
0.507
0.505
0.505
0.505
0.503
0.505
0.505
0.503
0.499
0.499
0.496
0.496
0.498
0.498
0.496
0.495
0.495
0.489
0.487
0.486
0.486
0.486
0.484
0.486
0.486
0.484
0.484
0.486
0.485
0.485
0.487
0.487
0.485
0.484
0.479
0.479
0.474
0.474
0.474
0.474
0.474
0.474
0.474
0.478
0.478
0.477
0.477
0.477
0.473
0.47
0.466
0.465
0.464
0.462
0.462
0.462
0.462
0.467
0.467
0.464
0.464
0.466
0.466
0.466
0.466
0.465
0.463
0.463
0.465
0.465
0.465
0.465
0.462
0.462
0.455
0.455
0.458
0.458
0.455
0.458
0.455
0.455
0.459
0.463
0.462
0.462
0.462
0.461
0.46
0.456
0.456
0.456
0.456
0.459
0.459
0.46
0.459
0.46
0.464
0.466
0.464
0.466
0.466
0.464
0.463
0.464
0.46
0.453
0.453
0.464
0.459
0.462
0.462
0.459
0.459
0.455
0.455
0.466
0.466
0.462
0.462
0.459
0.459
0.459
0.459
0.462
0.463
0.462
0.462
0.463
0.463
0.464
0.464
0.463
0.463
0.463
0.463
0.463
0.463
0.468
0.468
0.47
0.47
0.47
0.461
0.461
0.459
0.459
0.459
0.46
0.46
0.465
0.461
0.461
0.461
0.465
0.473
0.474
0.474
0.473
0.465
0.465
0.465
0.469
0.469
0.474
0.473
0.473
0.473
0.476
0.476
0.476
0.476
0.482
0.482
0.481
0.481
0.474
0.474
0.481
0.483
0.483
0.483
0.485
0.486
0.486
0.487
0.487
0.488
0.493
0.495
0.493
0.493
0.495
0.497
0.499
0.499
0.499
0.497
0.497
0.497
0.502
0.502
0.502
0.503
0.504
0.505
0.51
0.51
0.51
0.508
0.505
0.505
0.508
0.508
0.507
0.507
0.507
0.507
0.522
0.524
0.524
0.527
0.528
0.529
0.529
0.533
0.535
0.533
0.535
0.536
0.537
0.538
0.538
0.538
0.538
0.546
0.546
0.546
0.55
0.552
0.552
0.553
0.553
0.554
0.559
0.559
0.559
0.561
0.565
0.565
0.565
0.565
0.573
0.573
0.574
0.574
0.581
0.584
0.589
0.59
0.591
0.595
0.596
0.597
0.596
0.596
0.58
0.58
0.575
0.567
0.564
0.56
0.554
0.553
0.552
0.552
0.548
0.545
0.545
0.546
0.545
0.545
0.539
0.533
