0.36
0.36
0.362
0.366
0.367
0.367
0.367
0.37
0.37
0.372
0.373
0.374
0.381
0.383
0.385
0.385
0.386
0.386
0.396
0.397
0.4
0.401
0.401
0.401
0.401
0.401
0.41
0.41
0.411
0.416
0.419
0.419
0.419
0.422
0.422
0.423
0.431
0.435
0.44
0.442
0.444
0.445
0.446
0.451
0.451
0.451
0.451
0.45
0.447
0.443
0.442
0.443
0.442
0.442
0.438
0.438
0.436
0.436
0.435
0.432
0.432
0.429
0.429
0.431
0.431
0.426
0.423
0.423
0.421
0.421
0.421
0.421
0.421
0.422
0.42
0.42
0.419
0.419
0.416
0.416
0.416
0.414
0.414
0.41
0.41
0.41
0.415
0.408
0.408
0.407
0.405
0.401
0.399
0.399
0.401
0.406
0.406
0.406
0.401
0.399
0.397
0.399
0.399
0.397
0.391
0.391
0.391
0.391
0.391
0.391
0.391
0.391
0.391
0.391
0.39
0.39
0.393
0.393
0.392
0.392
0.395
0.392
0.387
0.381
0.387
0.381
0.384
0.384
0.385
0.385
0.385
0.385
0.384
0.381
0.378
0.377
0.375
0.375
0.373
0.372
0.372
0.372
0.38
0.38
0.38
0.378
0.375
0.375
0.375
0.372
0.372
0.374
0.374
0.374
0.377
0.379
0.379
0.378
0.381
0.378
0.378
0.378
0.375
0.374
0.374
0.375
0.375
0.374
0.373
0.373
0.372
0.371
0.371
0.371
0.369
0.369
0.369
0.372
0.369
0.369
0.367
0.366
0.366
0.366
0.371
0.371
0.376
0.371
0.371
0.371
0.371
0.371
0.373
0.377
0.375
0.375
0.377
0.375
0.371
0.365
0.365
0.365
0.371
0.371
0.371
0.371
0.371
0.374
0.375
0.375
0.375
0.373
0.373
0.373
0.376
0.377
0.377
0.383
0.383
0.377
0.373
0.377
0.373
0.376
0.376
0.377
0.379
0.38
0.38
0.38
0.38
0.374
0.374
0.376
0.376
0.379
0.379
0.379
0.38
0.38
0.379
0.382
0.379
0.376
0.376
0.376
0.376
0.381
0.382
0.385
0.385
0.385
0.387
0.388
0.388
0.39
0.39
0.389
0.389
0.389
0.389
0.389
0.393
0.392
0.397
0.397
0.397
0.397
0.397
0.394
0.394
0.394
0.394
0.396
0.396
0.394
0.397
0.4
0.401
0.402
0.402
0.405
0.407
0.41
0.411
0.411
0.414
0.414
0.414
0.414
0.411
0.411
0.415
0.415
0.415
0.415
0.417
0.417
0.419
0.423
0.424
0.426
0.426
0.426
0.424
0.426
0.426
0.429
0.43
0.432
0.43
0.43
0.43
0.435
0.434
0.434
0.436
0.439
0.439
0.443
0.443
0.443
0.443
0.443
0.45
0.466
0.478
0.513
0.629
0.929
0.997
1.016
1.04
1.045
1.055
1.068
1.068
1.068
1.068
1.068
1.076
1.078
1.08
1.084
1.092
1.102
1.102
1.103
1.103
1.115
1.117
1.117
1.13
1.13
1.13
1.115
1.112
1.1
1.1
1.097
1.093
1.076
1.076
1.073
1.073
1.072
1.063
1.059
1.057
1.053
1.043
1.042
1.041
1.032
1.032
1.03
1.027
1.025
1.018
1.014
1.007
0.998
0.997
0.99
0.982
0.976
0.976
0.977
0.976
0.97
0.97
0.966
0.965
0.962
0.958
0.956
0.955
0.951
0.949
0.948
0.947
0.945
0.941
0.938
0.928
0.927
0.922
0.921
0.912
0.91
0.909
0.905
0.905
0.905
0.902
0.899
0.898
0.897
0.897
0.891
0.887
0.886
0.885
0.885
0.885
0.883
0.879
0.878
0.878
0.872
0.872
0.872
0.87
0.867
0.867
0.867
0.867
0.861
0.858
0.856
0.848
0.848
0.848
0.837
0.836
0.835
0.833
0.833
0.833
0.833
0.833
0.824
0.822
0.822
0.822
0.822
0.822
0.822
0.815
0.814
0.814
0.814
0.814
0.814
0.808
0.808
0.807
0.807
0.807
0.809
0.805
0.806
0.805
0.805
0.796
0.788
0.788
0.788
0.786
0.786
0.789
0.789
0.786
0.786
0.789
0.786
0.786
0.78
0.784
0.78
0.773
0.773
0.773
0.772
0.767
0.767
0.764
0.764
0.764
0.764
0.769
0.77
0.769
0.769
0.771
0.771
0.77
0.77
0.77
0.77
0.768
0.764
0.763
0.761
0.761
0.761
0.762
0.761
0.761
0.761
0.755
0.755
0.755
0.754
0.754
0.754
0.753
0.744
0.744
0.744
0.744
0.747
0.748
0.748
0.748
0.748
0.747
0.745
0.745
0.745
0.743
0.741
0.743
0.74
0.743
0.744
0.744
0.744
0.744
0.746
0.743
0.747
0.748
0.748
0.748
0.748
0.75
0.748
0.753
0.753
0.752
0.752
0.752
0.751
0.752
0.754
0.754
0.754
0.758
0.754
0.754
0.752
0.753
0.748
0.748
0.753
0.753
0.762
0.762
0.761
0.759
0.76
0.759
0.755
0.755
0.755
0.755
0.762
0.762
0.762
0.762
0.765
0.765
0.77
0.77
0.77
0.77
0.769
0.769
0.769
0.774
0.776
0.777
0.777
0.776
0.777
0.776
0.776
0.779
0.779
0.78
0.782
0.786
0.791
0.793
0.795
0.796
0.801
0.801
0.801
0.796
0.801
0.805
0.807
0.808
0.808
0.808
0.808
0.808
0.807
0.806
0.806
0.805
0.8
0.793
0.791
0.782
0.735
0.552
0.367
0.314
0.298
0.294
0.288
0.286
0.286
0.286
0.284
0.284
0.288
0.288
0.288
0.288
0.288
0.291
0.291
0.291
0.291
0.291
0.287
0.291
0.291
0.293
0.297
0.297
0.299
0.302
0.302
0.302
0.303
0.303
0.31
0.31
0.31
0.308
0.308
0.308
0.308
0.308
0.308
0.311
0.311
0.311
0.317
0.317
0.317
0.317
0.318
0.316
0.317
0.317
0.317
0.317
0.319
0.329
0.333
0.333
0.333
0.328
0.328
0.328
0.328
0.33
0.334
0.338
0.339
0.34
0.34
0.34
0.342
0.348
0.348
0.347
0.353
0.357
0.357
0.358
0.358
0.359
0.359
0.359
0.36
0.361
0.365
0.365
0.369
0.37
0.374
0.377
0.378
0.378
0.378
0.38
0.384
0.386
0.39
0.391
0.391
0.394
0.397
0.403
0.407
0.408
0.408
0.414
0.415
0.416
0.416
0.416
0.418
0.419
0.424
0.428
0.429
0.434
0.438
0.439
0.44
0.444
0.447
0.448
0.457
0.457
0.457
0.451
0.451
0.451
0.448
0.445
0.445
0.445
0.444
0.442
0.441
0.44
0.44
0.438
0.438
0.437
0.437
0.437
0.437
0.437
0.435
0.433
0.431
0.433
0.433
0.431
0.424
0.424
0.424
0.426
0.426
0.426
0.426
0.419
0.419
0.42
0.418
0.42
0.42
0.418
0.418
0.418
0.416
0.415
0.416
0.41
0.41
0.41
0.415
0.41
0.408
0.407
0.407
0.407
0.407
0.405
0.405
0.401
0.401
0.402
0.402
0.399
0.402
0.399
0.399
0.399
0.395
0.393
0.393
0.393
0.394
0.394
0.395
0.394
0.394
0.398
0.398
0.39
0.392
0.39
0.389
0.39
0.39
0.39
0.389
0.39
0.387
0.387
0.386
0.39
0.388
0.39
0.388
0.388
0.388
0.386
0.384
0.384
0.386
0.381
0.381
0.381
0.384
0.384
0.384
0.381
0.381
0.381
0.381
0.381
0.381
0.381
0.38
0.378
0.378
0.378
0.378
0.377
0.378
0.378
0.378
0.378
0.378
0.378
0.378
0.377
0.377
0.377
0.377
0.375
0.375
0.375
0.383
0.383
0.383
0.382
0.382
0.377
0.377
0.377
0.38
0.38
0.382
0.384
0.384
0.384
0.384
0.383
0.383
0.382
0.382
0.382
0.382
0.382
0.383
0.383
0.381
0.381
0.381
0.38
0.38
0.38
0.38
0.38
0.375
0.375
0.375
0.375
0.375
0.382
0.382
0.382
0.382
0.383
0.383
0.383
0.383
0.381
0.381
0.377
0.381
0.384
0.39
0.39
0.39
0.391
0.39
0.384
0.384
0.386
0.386
0.387
0.387
0.387
0.387
0.383
0.383
0.383
0.383
0.388
0.392
0.392
0.393
0.395
0.393
0.393
0.394
0.394
0.394
0.394
0.394
0.395
0.395
0.395
0.396
0.395
0.396
0.396
0.396
0.399
0.399
0.4
0.4
0.4
0.4
0.406
0.406
0.408
0.408
0.408
0.408
0.408
0.414
0.414
0.415
0.414
0.42
0.418
0.42
0.418
0.418
0.418
0.418
0.418
0.418
0.422
0.427
0.427
0.427
0.427
0.427
0.427
0.427
0.427
0.429
0.433
0.433
0.433
0.433
0.433
0.435
0.435
0.433
0.437
0.433
0.433
0.437
0.442
0.442
0.445
0.446
0.449
0.451
0.451
0.452
0.452
0.455
0.455
0.456
0.462
0.462
0.46
0.46
0.458
0.453
0.452
0.439
0.439
0.439
0.439
0.439
0.426
0.424
0.424
0.426
0.426
0.424
0.42
0.418
0.412
0.411
0.41
0.405
0.401
0.388
0.388
0.388
0.392
0.392
0.392
0.392
0.394
0.39
0.39
0.39
0.388
0.384
