0.376
0.378
0.382
0.382
0.381
0.383
0.383
0.385
0.386
0.387
0.39
0.39
0.39
0.383
0.383
0.383
0.389
0.392
0.392
0.392
0.392
0.392
0.392
0.393
0.393
0.397
0.397
0.397
0.4
0.397
0.397
0.401
0.401
0.397
0.399
0.399
0.399
0.401
0.403
0.403
0.402
0.403
0.406
0.406
0.409
0.409
0.412
0.413
0.415
0.415
0.417
0.415
0.417
0.414
0.417
0.414
0.417
0.418
0.419
0.428
0.434
0.436
0.436
0.436
0.436
0.436
0.435
0.439
0.437
0.44
0.438
0.438
0.438
0.438
0.438
0.439
0.442
0.449
0.452
0.454
0.454
0.454
0.458
0.465
0.465
0.465
0.463
0.462
0.458
0.451
0.445
0.442
0.439
0.435
0.433
0.424
0.424
0.421
0.421
0.422
0.422
0.417
0.413
0.413
0.413
0.406
0.406
0.403
0.398
0.392
0.392
0.39
0.393
0.39
0.39
0.39
0.392
0.389
0.387
0.387
0.386
0.379
0.371
0.37
0.37
0.37
0.369
0.369
0.369
0.369
0.363
0.363
0.361
0.357
0.356
0.356
0.356
0.356
0.355
0.354
0.345
0.345
0.345
0.345
0.345
0.344
0.342
0.339
0.337
0.33
0.33
0.33
0.333
0.333
0.333
0.327
0.327
0.327
0.326
0.332
0.332
0.326
0.324
0.319
0.318
0.317
0.316
0.315
0.315
0.315
0.314
0.314
0.313
0.313
0.313
0.312
0.312
0.311
0.312
0.311
0.307
0.307
0.305
0.3
0.299
0.297
0.296
0.296
0.296
0.295
0.296
0.296
0.292
0.292
0.294
0.293
0.293
0.293
0.293
0.292
0.289
0.292
0.289
0.289
0.289
0.288
0.288
0.288
0.285
0.285
0.285
0.282
0.277
0.277
0.277
0.283
0.283
0.283
0.281
0.281
0.281
0.282
0.283
0.283
0.282
0.276
0.276
0.276
0.276
0.276
0.271
0.275
0.275
0.275
0.276
0.276
0.276
0.272
0.272
0.271
0.271
0.271
0.27
0.27
0.27
0.27
0.27
0.27
0.27
0.269
0.269
0.269
0.269
0.27
0.27
0.269
0.263
0.26
0.26
0.257
0.26
0.264
0.264
0.266
0.266
0.259
0.258
0.256
0.256
0.258
0.264
0.264
0.264
0.264
0.264
0.264
0.264
0.262
0.256
0.255
0.255
0.256
0.256
0.256
0.259
0.261
0.261
0.262
0.259
0.26
0.26
0.266
0.26
0.26
0.266
0.26
0.26
0.263
0.266
0.263
0.263
0.259
0.259
0.258
0.259
0.261
0.261
0.258
0.261
0.26
0.26
0.26
0.261
0.26
0.261
0.265
0.265
0.26
0.265
0.263
0.263
0.263
0.263
0.263
0.256
0.256
0.256
0.257
0.259
0.259
0.26
0.261
0.261
0.26
0.26
0.258
0.257
0.257
0.255
0.255
0.262
0.262
0.262
0.266
0.266
0.263
0.263
0.262
0.258
0.258
0.258
0.258
0.258
0.258
0.258
0.258
0.261
0.263
0.269
0.27
0.27
0.27
0.27
0.271
0.27
0.269
0.269
0.269
0.268
0.267
0.267
0.268
0.27
0.27
0.275
0.27
0.275
0.269
0.274
0.274
0.274
0.268
0.267
0.267
0.267
0.273
0.28
0.28
0.28
0.278
0.278
0.277
0.277
0.278
0.278
0.28
0.28
0.284
0.285
0.286
0.291
0.295
0.295
0.295
0.293
0.29
0.29
0.293
0.295
0.296
0.296
0.295
0.288
0.288
0.288
0.288
0.299
0.299
0.299
0.295
0.293
0.293
0.295
0.297
0.297
0.297
0.297
0.297
0.303
0.303
0.3
0.3
0.305
0.305
0.312
0.312
0.312
0.316
0.305
0.305
0.318
0.318
0.317
0.318
0.317
0.317
0.322
0.324
0.325
0.326
0.326
0.326
0.327
0.329
0.329
0.332
0.335
0.337
0.338
0.338
0.338
0.338
0.339
0.339
0.344
0.345
0.35
0.345
0.349
0.349
0.349
0.349
0.351
0.352
0.358
0.356
0.356
0.358
0.358
0.362
0.362
0.367
0.369
0.37
0.373
0.375
0.375
0.373
0.375
0.379
0.379
0.382
0.383
0.383
0.383
0.387
0.387
0.392
0.392
0.394
0.394
0.396
0.399
0.401
0.401
0.406
0.406
0.407
0.409
0.41
0.417
0.424
0.426
0.427
0.427
0.429
0.432
0.434
0.439
0.442
0.445
0.446
0.454
0.455
0.455
0.46
0.46
0.45
0.45
0.454
0.45
0.449
0.444
0.441
0.44
0.438
0.437
0.438
0.437
0.437
0.432
0.432
0.429
0.429
0.429
0.424
0.421
0.419
0.418
0.418
0.421
0.423
0.423
0.424
0.424
0.424
0.424
0.424
0.421
0.418
0.417
0.417
0.414
0.414
0.413
0.413
0.413
0.412
0.408
0.406
0.406
0.404
0.403
0.4
0.4
0.4
0.4
0.4
0.397
0.397
0.397
0.396
0.394
0.396
0.397
0.396
0.395
0.395
0.393
0.393
0.389
0.393
0.396
0.397
0.396
0.396
0.395
0.391
0.387
0.387
0.387
0.386
0.387
0.388
0.386
0.383
0.388
0.388
0.383
0.387
0.387
0.387
0.382
0.383
0.381
0.38
0.38
0.383
0.384
0.386
0.386
0.384
0.381
0.381
0.377
0.377
0.376
0.376
0.378
0.378
0.378
0.378
0.378
0.373
0.378
0.376
0.376
0.378
0.379
0.379
0.379
0.379
0.378
0.378
0.381
0.381
0.381
0.381
0.382
0.382
0.382
0.382
0.382
0.379
0.377
0.379
0.377
0.376
0.376
0.376
0.376
0.377
0.38
0.382
0.38
0.382
0.382
0.378
0.376
0.376
0.376
0.376
0.376
0.378
0.378
0.378
0.378
0.375
0.375
0.378
0.382
0.382
0.382
0.383
0.383
0.383
0.383
0.383
0.381
0.381
0.379
0.379
0.381
0.385
0.385
0.385
0.385
0.385
0.381
0.381
0.381
0.378
0.379
0.384
0.384
0.384
0.384
0.384
0.384
0.379
0.379
0.384
0.384
0.379
0.384
0.384
0.384
0.386
0.389
0.39
0.389
0.389
0.387
0.387
0.387
0.387
0.387
0.387
0.386
0.386
0.386
0.389
0.391
0.393
0.397
0.397
0.397
0.397
0.397
0.397
0.393
0.393
0.395
0.393
0.395
0.395
0.395
0.397
0.397
0.397
0.4
0.4
0.404
0.404
0.407
0.407
0.404
0.404
0.406
0.406
0.411
0.413
0.413
0.413
0.413
0.413
0.415
0.419
0.415
0.415
0.417
0.418
0.418
0.418
0.418
0.42
0.421
0.425
0.427
0.427
0.425
0.424
0.421
0.421
0.421
0.421
0.434
0.434
0.436
0.436
0.439
0.441
0.443
0.446
0.446
0.446
0.446
0.446
0.446
0.448
0.451
0.451
0.451
0.451
0.458
0.472
0.518
0.907
0.969
1.021
1.031
1.046
1.055
1.059
1.06
1.061
1.07
1.073
1.075
1.078
1.082
1.085
1.087
1.097
1.104
1.105
1.107
1.108
1.116
1.119
1.12
1.12
1.12
1.12
1.116
1.109
1.105
1.102
1.095
1.086
1.081
1.079
1.074
1.071
1.066
1.053
1.052
1.052
1.049
1.049
1.046
1.036
1.036
1.029
1.029
1.028
1.026
1.024
1.01
1.01
1.003
1.002
1
0.998
0.995
0.986
0.98
0.98
0.978
0.975
0.966
0.962
0.962
0.961
0.957
0.957
0.946
0.946
0.943
0.938
0.936
0.935
0.929
0.928
0.925
0.924
0.924
0.924
0.924
0.913
0.907
0.906
0.906
0.904
0.902
0.897
0.897
0.897
0.895
0.894
0.893
0.888
0.886
0.884
0.881
0.881
0.879
0.879
0.879
0.869
0.869
0.865
0.862
0.862
0.862
0.861
0.86
0.856
0.85
0.85
0.849
0.85
0.85
0.85
0.849
0.849
0.847
0.843
0.843
0.836
0.836
0.836
0.833
0.833
0.831
0.831
0.829
0.828
0.827
0.827
0.827
0.82
0.817
0.814
0.812
0.812
0.812
0.808
0.814
0.814
0.808
0.808
0.807
0.804
0.804
0.803
0.803
0.803
0.803
0.803
0.806
0.806
0.802
0.796
0.796
0.79
0.79
0.796
0.797
0.795
0.795
0.795
0.794
0.792
0.787
0.787
0.787
0.782
0.782
0.782
0.781
0.782
0.781
0.776
0.776
0.776
0.775
0.769
0.769
0.769
0.77
0.774
0.774
0.77
0.77
0.774
0.778
0.779
0.78
0.779
0.779
0.767
0.766
0.766
0.761
0.755
0.76
0.76
0.76
0.762
0.767
0.767
0.769
0.769
0.769
0.769
0.769
0.769
0.766
0.76
0.76
0.75
0.749
0.749
0.75
0.752
0.757
0.757
0.753
0.757
0.759
0.757
0.757
0.759
0.759
0.762
0.769
0.769
0.769
0.764
0.772
0.764
0.766
0.766
0.766
0.766
0.766
0.766
0.77
0.771
0.774
0.774
0.775
0.775
0.775
0.772
0.77
0.77
0.772
0.772
0.776
0.778
0.776
0.776
0.779
0.779
0.778
0.778
0.778
0.778
0.778
0.778
0.778
0.779
0.779
0.782
0.779
0.778
0.778
0.777
