0.789
0.795
0.797
0.797
0.809
0.811
0.812
0.814
0.826
0.826
0.831
0.832
0.832
0.832
0.835
0.837
0.85
0.857
0.859
0.859
0.866
0.867
0.883
0.884
0.884
0.89
0.904
0.906
0.907
0.917
0.919
0.92
0.923
0.932
0.946
0.946
0.946
0.955
0.96
0.962
0.972
0.987
0.989
0.992
1.002
1.008
1.011
1.013
1.03
1.033
1.035
1.043
1.06
1.068
1.078
1.084
1.091
1.094
1.096
1.096
1.094
1.083
1.081
1.08
1.079
1.079
1.069
1.069
1.066
1.06
1.06
1.06
1.06
1.05
1.051
1.051
1.051
1.054
1.054
1.054
1.051
1.046
1.045
1.045
1.045
1.041
1.04
1.04
1.035
1.034
1.032
1.026
1.024
1.022
1.019
1.018
1.016
1.01
0.987
0.981
0.844
0.776
0.754
0.754
0.644
0.407
0.364
0.335
0.335
0.302
0.27
0.253
0.25
0.249
0.249
0.249
0.247
0.249
0.247
0.244
0.244
0.244
0.244
0.258
0.261
0.279
0.296
0.333
0.361
0.378
0.386
0.386
0.386
0.378
0.37
0.37
0.37
0.387
0.396
0.412
0.427
0.436
0.461
0.47
0.476
0.479
0.479
0.482
0.479
0.482
0.482
0.483
0.482
0.482
0.478
0.478
0.478
0.478
0.48
0.48
0.48
0.476
0.476
0.476
0.48
0.48
0.48
0.48
0.48
0.479
0.477
0.477
0.477
0.474
0.474
0.474
0.474
0.477
0.477
0.477
0.479
0.479
0.479
0.479
0.479
0.479
0.479
0.485
0.485
0.487
0.485
0.481
0.481
0.487
0.487
0.487
0.487
0.49
0.49
0.484
0.489
0.488
0.488
0.488
0.489
0.492
0.494
0.494
0.494
0.494
0.497
0.494
0.494
0.497
0.498
0.494
0.498
0.498
0.498
0.498
0.503
0.504
0.504
0.504
0.496
0.492
0.492
0.492
0.496
0.505
0.509
0.509
0.505
0.509
0.509
0.511
0.511
0.511
0.511
0.508
0.508
0.51
0.512
0.517
0.517
0.515
0.515
0.512
0.512
0.515
0.516
0.518
0.518
0.518
0.521
0.523
0.525
0.525
0.525
0.525
0.525
0.524
0.525
0.524
0.524
0.524
0.526
0.528
0.533
0.533
0.533
0.533
0.533
0.533
0.538
0.539
0.545
0.545
0.549
0.553
0.553
0.551
0.551
0.551
0.551
0.558
0.559
0.56
0.566
0.566
0.566
0.565
0.565
0.565
0.57
0.566
0.57
0.57
0.57
0.57
0.573
0.575
0.576
0.578
0.576
0.576
0.58
0.584
0.584
0.584
0.586
0.584
0.581
0.581
0.586
0.596
0.604
0.606
0.608
0.608
0.609
0.616
0.619
0.623
0.623
0.624
0.627
0.627
0.627
0.637
0.641
0.641
0.641
0.642
0.642
0.642
0.644
0.644
0.651
0.656
0.661
0.666
0.671
0.673
0.673
0.673
0.673
0.679
0.679
0.679
0.666
0.661
0.659
0.659
0.658
0.656
0.65
0.645
0.645
0.636
0.632
0.632
0.629
0.624
0.624
0.621
0.617
0.617
0.621
0.617
0.612
0.612
0.609
0.604
0.604
0.599
0.596
0.596
0.595
0.594
0.594
0.592
0.589
0.588
0.587
0.584
0.583
0.581
0.579
0.578
0.577
0.575
0.574
0.574
0.573
0.57
0.57
0.565
0.564
0.564
0.56
0.558
0.552
0.552
0.548
0.546
0.545
0.545
0.545
0.545
0.54
0.543
0.543
0.542
0.539
0.539
0.539
0.537
0.536
0.536
0.528
0.523
0.521
0.518
0.521
0.521
0.521
0.521
0.524
0.524
0.524
0.518
0.518
0.518
0.518
0.518
0.512
0.506
0.505
0.505
0.504
0.504
0.501
0.501
0.501
0.501
0.504
0.504
0.503
0.498
0.498
0.498
0.495
0.495
0.501
0.502
0.502
0.502
0.499
0.497
0.496
0.496
0.491
0.491
0.49
0.494
0.491
0.494
0.492
0.492
0.491
0.491
0.484
0.482
0.483
0.482
0.482
0.482
0.476
0.476
0.479
0.479
0.479
0.479
0.474
0.473
0.47
0.47
0.471
0.471
0.472
0.472
0.472
0.473
0.473
0.473
0.473
0.473
0.473
0.469
0.469
0.471
0.471
0.468
0.467
0.467
0.467
0.467
0.467
0.467
0.465
0.463
0.463
0.463
0.46
0.466
0.466
0.465
0.465
0.465
0.465
0.465
0.465
0.466
0.468
0.466
0.465
0.468
0.47
0.459
0.464
0.464
0.464
0.457
0.462
0.461
0.459
0.461
0.461
0.461
0.461
0.464
0.464
0.464
0.469
0.469
0.469
0.469
0.47
0.469
0.469
0.469
0.47
0.469
0.47
0.467
0.467
0.461
0.464
0.464
0.461
0.461
0.449
0.407
0.403
0.402
0.402
0.402
0.4
0.402
0.4
0.402
0.402
0.406
0.406
0.441
0.443
0.456
0.467
0.47
0.47
0.471
0.473
0.473
0.473
0.474
0.474
0.474
0.474
0.474
0.474
0.478
0.478
0.478
0.464
0.447
0.421
0.324
0.283
0.257
0.248
0.247
0.243
0.242
0.242
0.241
0.241
0.241
0.241
0.24
0.236
0.23
0.23
0.23
0.23
0.232
0.232
0.229
0.229
0.223
0.223
0.223
0.223
0.221
0.223
0.223
0.224
0.224
0.224
0.224
0.222
0.222
0.22
0.22
0.22
0.22
0.221
0.221
0.22
0.218
0.215
0.215
0.215
0.214
0.212
0.212
0.215
0.212
0.212
0.211
0.211
0.211
0.217
0.217
0.218
0.222
0.222
0.222
0.222
0.22
0.22
0.224
0.227
0.224
0.227
0.227
0.225
0.225
0.225
0.225
0.223
0.228
0.227
0.228
0.229
0.229
0.229
0.229
0.229
0.229
0.236
0.239
0.241
0.241
0.241
0.245
0.247
0.247
0.247
0.251
0.251
0.263
0.289
0.332
0.359
0.373
0.373
0.374
0.373
0.369
0.369
0.369
0.369
0.369
0.367
0.362
0.362
0.362
0.361
0.362
0.362
0.356
0.354
0.356
0.354
0.353
0.345
0.342
0.341
0.34
0.34
0.34
0.337
0.334
0.334
0.334
0.335
0.335
0.335
0.335
0.331
0.329
0.326
0.322
0.326
0.322
0.322
0.315
0.315
0.31
0.31
0.311
0.311
0.31
0.311
0.311
0.313
0.315
0.315
0.313
0.31
0.299
0.299
0.299
0.299
0.307
0.307
0.307
0.298
0.295
0.295
0.295
0.293
0.295
0.293
0.292
0.293
0.292
0.29
0.29
0.29
0.284
0.29
0.293
0.293
0.287
0.287
0.286
0.286
0.285
0.286
0.286
0.279
0.279
0.279
0.278
0.276
0.273
0.273
0.27
0.27
0.27
0.27
0.27
0.27
0.27
0.27
0.27
0.27
0.27
0.269
0.268
0.269
0.269
0.269
0.269
0.269
0.265
0.265
0.264
0.26
0.26
0.26
0.26
0.26
0.26
0.263
0.266
0.266
0.265
0.266
0.265
0.265
0.261
0.265
0.265
0.265
0.263
0.263
0.262
0.26
0.258
0.258
0.26
0.26
0.26
0.26
0.257
0.256
0.256
0.257
0.258
0.258
0.258
0.26
0.257
0.257
0.258
0.258
0.256
0.256
0.255
0.254
0.254
0.254
0.254
0.256
0.256
0.256
0.254
0.254
0.249
0.249
0.249
0.249
0.248
0.256
0.256
0.256
0.252
0.252
0.252
0.252
0.252
0.25
0.25
0.248
0.25
0.25
0.248
0.25
0.253
0.25
0.249
0.252
0.249
0.249
0.249
0.252
0.249
0.253
0.252
0.252
0.252
0.257
0.258
0.258
0.258
0.258
0.258
0.255
0.257
0.257
0.255
0.252
0.252
0.252
0.251
0.25
0.252
0.252
0.252
0.252
0.254
0.254
0.254
0.254
0.254
0.255
0.254
0.255
0.256
0.255
0.255
0.263
0.255
0.255
0.259
0.26
0.259
0.259
0.259
0.26
0.258
0.258
0.256
0.256
0.256
0.256
0.257
0.258
0.258
0.26
0.261
0.261
0.264
0.265
0.285
0.314
0.333
0.349
0.371
0.438
0.601
0.685
0.707
0.735
0.735
0.738
0.742
0.744
0.747
0.754
0.755
0.755
0.756
0.757
0.758
0.759
0.764
0.761
0.764
0.764
0.761
0.761
0.764
0.764
0.768
0.768
0.771
0.772
0.772
0.772
0.776
0.776
0.778
0.778
0.781
0.783
0.783
0.786
0.786
0.789
0.786
0.79
0.79
0.797
0.797
0.799
0.801
0.801
0.801
0.804
0.804
0.804
0.804
0.807
0.814
0.816
0.814
0.816
0.822
0.824
0.825
0.825
0.826
0.826
0.826
0.829
0.831
0.831
0.834
0.841
0.844
0.845
0.845
0.855
0.856
0.856
0.857
0.857
0.857
0.864
0.866
0.869
0.876
0.876
0.877
0.879
0.881
0.885
0.888
0.888
0.893
0.9
0.9
0.901
0.905
0.905
0.905
0.899
0.884
0.876
0.869
0.864
0.864
0.861
0.849
0.848
0.847
0.846
0.845
0.842
0.831
0.828
0.826
0.823
0.819
0.81
0.804
0.804
0.799
0.799
0.789
0.787
0.786
0.786
0.776
0.77
0.765
