0.38
0.38
0.381
0.381
0.381
0.381
0.382
0.382
0.384
0.379
0.379
0.379
0.379
0.379
0.381
0.381
0.381
0.381
0.378
0.378
0.378
0.378
0.378
0.378
0.378
0.375
0.372
0.372
0.371
0.367
0.367
0.37
0.368
0.368
0.37
0.371
0.371
0.371
0.371
0.371
0.371
0.374
0.374
0.377
0.374
0.379
0.379
0.372
0.372
0.374
0.374
0.374
0.375
0.375
0.372
0.37
0.369
0.369
0.37
0.37
0.374
0.374
0.37
0.375
0.371
0.367
0.371
0.374
0.374
0.374
0.374
0.376
0.374
0.374
0.373
0.374
0.373
0.374
0.372
0.374
0.373
0.373
0.372
0.37
0.37
0.37
0.375
0.375
0.375
0.38
0.373
0.373
0.373
0.378
0.378
0.379
0.383
0.383
0.385
0.379
0.381
0.381
0.382
0.382
0.382
0.382
0.384
0.384
0.384
0.384
0.384
0.384
0.384
0.386
0.387
0.386
0.386
0.391
0.391
0.391
0.391
0.389
0.383
0.383
0.383
0.389
0.393
0.394
0.393
0.392
0.393
0.394
0.398
0.398
0.398
0.398
0.397
0.396
0.394
0.397
0.397
0.396
0.397
0.4
0.401
0.401
0.403
0.403
0.402
0.403
0.403
0.403
0.407
0.408
0.407
0.403
0.408
0.406
0.406
0.411
0.411
0.411
0.415
0.415
0.415
0.415
0.415
0.414
0.414
0.416
0.423
0.423
0.423
0.428
0.423
0.423
0.425
0.432
0.434
0.434
0.434
0.436
0.439
0.443
0.443
0.445
0.447
0.447
0.447
0.447
0.447
0.447
0.447
0.454
0.454
0.455
0.455
0.46
0.461
0.462
0.466
0.466
0.466
0.463
0.455
0.452
0.444
0.441
0.427
0.427
0.427
0.425
0.425
0.425
0.425
0.421
0.41
0.41
0.41
0.408
0.41
0.41
0.408
0.408
0.405
0.398
0.397
0.393
0.393
0.393
0.39
0.388
0.387
0.385
0.385
0.384
0.384
0.38
0.377
0.377
0.373
0.369
0.368
0.366
0.366
0.366
0.366
0.362
0.36
0.36
0.353
0.353
0.353
0.353
0.353
0.353
0.35
0.35
0.345
0.35
0.345
0.345
0.342
0.341
0.337
0.337
0.336
0.336
0.334
0.334
0.334
0.334
0.327
0.327
0.32
0.32
0.319
0.32
0.32
0.322
0.32
0.32
0.311
0.311
0.311
0.312
0.312
0.312
0.311
0.311
0.309
0.311
0.309
0.309
0.307
0.305
0.304
0.304
0.304
0.304
0.303
0.303
0.304
0.303
0.305
0.305
0.302
0.301
0.302
0.296
0.296
0.295
0.294
0.291
0.29
0.29
0.29
0.286
0.286
0.286
0.287
0.287
0.289
0.289
0.286
0.282
0.286
0.286
0.289
0.289
0.289
0.285
0.284
0.283
0.28
0.28
0.28
0.28
0.28
0.28
0.279
0.276
0.275
0.275
0.275
0.275
0.276
0.276
0.276
0.276
0.269
0.269
0.269
0.269
0.273
0.273
0.273
0.273
0.269
0.266
0.268
0.265
0.265
0.268
0.268
0.273
0.273
0.268
0.267
0.267
0.266
0.265
0.266
0.265
0.265
0.265
0.264
0.264
0.268
0.268
0.262
0.262
0.262
0.262
0.262
0.264
0.264
0.264
0.264
0.264
0.265
0.254
0.265
0.266
0.266
0.266
0.266
0.264
0.264
0.264
0.263
0.263
0.262
0.262
0.26
0.26
0.258
0.258
0.258
0.26
0.264
0.264
0.267
0.267
0.263
0.254
0.258
0.251
0.251
0.258
0.259
0.259
0.261
0.259
0.259
0.254
0.254
0.254
0.259
0.259
0.263
0.263
0.265
0.263
0.263
0.263
0.263
0.261
0.261
0.261
0.26
0.26
0.262
0.257
0.26
0.26
0.26
0.255
0.26
0.264
0.265
0.264
0.264
0.261
0.261
0.26
0.261
0.261
0.265
0.265
0.265
0.259
0.257
0.257
0.257
0.26
0.263
0.263
0.26
0.257
0.257
0.257
0.262
0.262
0.264
0.264
0.265
0.265
0.266
0.266
0.268
0.268
0.268
0.272
0.272
0.272
0.272
0.272
0.267
0.272
0.267
0.267
0.267
0.266
0.266
0.266
0.275
0.276
0.279
0.279
0.277
0.279
0.279
0.277
0.278
0.278
0.278
0.278
0.278
0.281
0.281
0.281
0.278
0.278
0.278
0.28
0.28
0.28
0.283
0.283
0.283
0.283
0.283
0.283
0.283
0.289
0.286
0.291
0.291
0.29
0.29
0.291
0.29
0.292
0.299
0.298
0.298
0.298
0.298
0.297
0.297
0.297
0.297
0.296
0.296
0.294
0.294
0.299
0.305
0.305
0.305
0.311
0.311
0.302
0.307
0.307
0.307
0.309
0.312
0.312
0.313
0.315
0.315
0.315
0.313
0.312
0.312
0.312
0.324
0.324
0.326
0.33
0.33
0.332
0.332
0.333
0.334
0.334
0.337
0.337
0.342
0.341
0.341
0.338
0.341
0.341
0.343
0.345
0.352
0.353
0.353
0.354
0.355
0.355
0.359
0.359
0.359
0.359
0.359
0.365
0.365
0.365
0.368
0.368
0.371
0.371
0.372
0.377
0.377
0.382
0.383
0.384
0.384
0.385
0.389
0.389
0.393
0.393
0.399
0.397
0.399
0.401
0.406
0.412
0.417
0.418
0.421
0.425
0.425
0.425
0.428
0.428
0.433
0.433
0.437
0.441
0.445
0.448
0.449
0.458
0.46
0.46
0.46
0.459
0.457
0.457
0.457
0.456
0.456
0.451
0.447
0.451
0.447
0.447
0.447
0.443
0.442
0.44
0.442
0.437
0.438
0.438
0.438
0.437
0.435
0.432
0.431
0.432
0.432
0.431
0.428
0.428
0.428
0.428
0.42
0.42
0.419
0.415
0.415
0.419
0.417
0.418
0.418
0.417
0.417
0.413
0.409
0.409
0.409
0.407
0.407
0.407
0.407
0.406
0.403
0.397
0.397
0.397
0.4
0.4
0.4
0.4
0.399
0.39
0.39
0.39
0.39
0.39
0.391
0.391
0.39
0.39
0.386
0.385
0.386
0.39
0.385
0.39
0.39
0.386
0.386
0.386
0.386
0.388
0.388
0.388
0.39
0.388
0.388
0.39
0.39
0.387
0.387
0.386
0.383
0.381
0.381
0.381
0.381
0.381
0.387
0.387
0.387
0.381
0.381
0.381
0.381
0.379
0.377
0.375
0.375
0.377
0.377
0.377
0.377
0.377
0.377
0.377
0.377
0.377
0.377
0.375
0.375
0.372
0.372
0.372
0.374
0.374
0.376
0.376
0.376
0.376
0.378
0.378
0.38
0.38
0.38
0.38
0.38
0.38
0.379
0.379
0.379
0.382
0.379
0.378
0.38
0.376
0.373
0.373
0.378
0.378
0.378
0.38
0.378
0.38
0.381
0.381
0.379
0.379
0.379
0.376
0.379
0.378
0.379
0.379
0.382
0.382
0.382
0.377
0.376
0.376
0.374
0.374
0.373
0.374
0.378
0.382
0.382
0.382
0.381
0.381
0.38
0.376
0.376
0.376
0.377
0.381
0.383
0.386
0.386
0.386
0.383
0.383
0.381
0.383
0.381
0.381
0.381
0.383
0.383
0.387
0.388
0.389
0.389
0.388
0.388
0.392
0.388
0.388
0.392
0.397
0.397
0.397
0.393
0.39
0.389
0.389
0.393
0.389
0.393
0.393
0.397
0.394
0.397
0.398
0.398
0.397
0.397
0.397
0.396
0.396
0.396
0.407
0.407
0.407
0.407
0.407
0.407
0.407
0.408
0.411
0.413
0.414
0.416
0.419
0.419
0.419
0.418
0.418
0.418
0.418
0.427
0.427
0.427
0.429
0.427
0.426
0.429
0.43
0.43
0.43
0.431
0.433
0.433
0.433
0.433
0.435
0.444
0.441
0.444
0.446
0.446
0.446
0.447
0.446
0.445
0.447
0.447
0.449
0.449
0.469
0.489
0.541
0.965
1.011
1.044
1.044
1.051
1.051
1.058
1.061
1.064
1.067
1.073
1.077
1.08
1.081
1.082
1.084
1.091
1.094
1.094
1.104
1.112
1.114
1.117
1.12
1.12
1.122
1.12
1.113
1.113
1.111
1.108
1.106
1.091
1.081
1.08
1.074
1.072
1.072
1.065
1.062
1.062
1.058
1.048
1.047
1.039
1.039
1.025
1.024
1.023
1.014
1.011
1.011
1.009
0.996
0.994
0.994
0.992
0.992
0.986
0.985
0.977
0.967
0.963
0.963
0.963
0.963
0.959
0.956
0.948
0.947
0.946
0.937
0.937
0.936
0.93
0.929
0.928
0.926
0.924
0.92
0.919
0.917
0.912
0.909
0.908
0.908
0.907
0.9
0.9
0.9
0.894
0.894
0.892
0.885
0.883
0.883
0.883
0.883
0.883
0.875
0.874
0.872
0.87
0.87
0.87
0.861
0.859
0.859
0.861
0.859
0.859
0.859
0.853
0.847
0.846
0.846
0.837
0.836
0.834
0.836
0.837
0.834
0.834
0.832
0.832
0.832
0.832
0.831
0.831
0.827
0.82
0.818
0.816
0.815
0.815
0.814
0.814
0.808
0.808
0.808
0.808
0.808
0.803
0.798
0.798
0.798
0.801
0.801
0.801
0.797
0.797
0.797
0.797
0.797
0.797
0.796
