0.351
0.352
0.363
0.366
0.366
0.368
0.373
0.373
0.373
0.375
0.375
0.375
0.375
0.38
0.381
0.382
0.383
0.388
0.39
0.392
0.392
0.393
0.398
0.393
0.398
0.398
0.404
0.408
0.413
0.415
0.415
0.415
0.417
0.418
0.426
0.426
0.427
0.429
0.435
0.436
0.437
0.444
0.452
0.452
0.452
0.451
0.445
0.445
0.442
0.442
0.441
0.437
0.434
0.434
0.434
0.434
0.435
0.436
0.436
0.434
0.43
0.429
0.428
0.427
0.427
0.427
0.425
0.424
0.424
0.42
0.42
0.42
0.419
0.417
0.417
0.417
0.415
0.412
0.412
0.412
0.412
0.417
0.417
0.407
0.417
0.407
0.407
0.411
0.412
0.411
0.412
0.411
0.408
0.406
0.405
0.401
0.401
0.399
0.399
0.399
0.405
0.405
0.405
0.401
0.398
0.398
0.398
0.398
0.398
0.393
0.393
0.394
0.393
0.394
0.394
0.393
0.393
0.393
0.393
0.39
0.39
0.395
0.391
0.391
0.391
0.384
0.384
0.384
0.384
0.384
0.384
0.381
0.381
0.381
0.381
0.381
0.377
0.377
0.378
0.378
0.384
0.384
0.378
0.378
0.378
0.378
0.378
0.379
0.379
0.378
0.375
0.375
0.375
0.372
0.372
0.372
0.372
0.373
0.38
0.38
0.381
0.381
0.381
0.379
0.382
0.378
0.378
0.378
0.379
0.379
0.381
0.381
0.381
0.381
0.381
0.38
0.38
0.378
0.378
0.383
0.383
0.375
0.375
0.373
0.371
0.371
0.373
0.38
0.38
0.38
0.381
0.381
0.381
0.381
0.381
0.383
0.377
0.377
0.377
0.375
0.375
0.38
0.379
0.379
0.379
0.379
0.379
0.375
0.375
0.375
0.373
0.373
0.373
0.372
0.373
0.38
0.374
0.374
0.374
0.376
0.376
0.378
0.383
0.384
0.384
0.383
0.383
0.38
0.379
0.38
0.379
0.379
0.379
0.379
0.379
0.379
0.382
0.383
0.383
0.383
0.387
0.387
0.383
0.387
0.387
0.387
0.392
0.395
0.395
0.395
0.391
0.39
0.389
0.389
0.389
0.397
0.397
0.398
0.398
0.394
0.394
0.398
0.401
0.401
0.405
0.404
0.401
0.398
0.398
0.398
0.398
0.398
0.402
0.403
0.408
0.408
0.404
0.408
0.408
0.409
0.412
0.414
0.414
0.415
0.422
0.422
0.417
0.417
0.416
0.416
0.417
0.42
0.422
0.424
0.428
0.43
0.43
0.428
0.428
0.43
0.432
0.432
0.432
0.438
0.438
0.439
0.443
0.443
0.443
0.442
0.442
0.441
0.442
0.451
0.451
0.45
0.451
0.451
0.451
0.455
0.455
0.455
0.455
0.462
0.467
0.468
0.468
0.467
0.466
0.459
0.448
0.444
0.441
0.44
0.439
0.436
0.434
0.429
0.427
0.427
0.427
0.426
0.425
0.42
0.415
0.414
0.411
0.411
0.402
0.4
0.397
0.391
0.391
0.391
0.391
0.388
0.384
0.384
0.382
0.383
0.383
0.383
0.383
0.383
0.382
0.382
0.378
0.378
0.377
0.372
0.369
0.369
0.366
0.366
0.362
0.362
0.358
0.36
0.36
0.355
0.352
0.352
0.352
0.349
0.349
0.346
0.346
0.344
0.346
0.344
0.344
0.342
0.341
0.341
0.335
0.334
0.334
0.333
0.333
0.333
0.332
0.327
0.323
0.323
0.323
0.326
0.328
0.328
0.327
0.327
0.319
0.316
0.316
0.314
0.313
0.313
0.313
0.313
0.313
0.313
0.313
0.312
0.308
0.299
0.299
0.303
0.301
0.303
0.303
0.301
0.298
0.298
0.298
0.298
0.299
0.299
0.298
0.298
0.29
0.29
0.29
0.284
0.284
0.283
0.283
0.283
0.287
0.287
0.287
0.285
0.285
0.285
0.285
0.285
0.284
0.284
0.284
0.287
0.287
0.287
0.286
0.284
0.284
0.286
0.278
0.278
0.282
0.281
0.278
0.274
0.276
0.276
0.276
0.276
0.277
0.282
0.282
0.277
0.277
0.275
0.274
0.274
0.274
0.275
0.275
0.275
0.275
0.268
0.265
0.265
0.27
0.27
0.27
0.272
0.272
0.272
0.27
0.269
0.269
0.269
0.268
0.269
0.27
0.266
0.266
0.27
0.27
0.266
0.268
0.268
0.268
0.268
0.268
0.27
0.27
0.26
0.26
0.26
0.26
0.261
0.261
0.261
0.264
0.261
0.261
0.258
0.256
0.256
0.256
0.253
0.253
0.254
0.254
0.259
0.259
0.262
0.262
0.257
0.257
0.258
0.258
0.262
0.262
0.262
0.261
0.261
0.259
0.259
0.26
0.26
0.26
0.264
0.26
0.26
0.26
0.26
0.26
0.264
0.264
0.264
0.263
0.263
0.261
0.261
0.26
0.261
0.261
0.259
0.264
0.264
0.261
0.261
0.264
0.267
0.267
0.267
0.265
0.261
0.261
0.261
0.261
0.261
0.262
0.262
0.263
0.263
0.263
0.262
0.262
0.262
0.262
0.263
0.263
0.263
0.263
0.263
0.263
0.268
0.268
0.268
0.268
0.268
0.268
0.272
0.272
0.272
0.273
0.274
0.276
0.277
0.276
0.276
0.277
0.276
0.275
0.276
0.277
0.276
0.275
0.277
0.275
0.275
0.277
0.282
0.284
0.284
0.283
0.282
0.283
0.281
0.28
0.28
0.28
0.28
0.284
0.284
0.286
0.286
0.286
0.285
0.285
0.282
0.282
0.285
0.285
0.286
0.288
0.288
0.291
0.291
0.291
0.295
0.298
0.295
0.295
0.298
0.298
0.3
0.3
0.301
0.301
0.303
0.303
0.303
0.303
0.306
0.31
0.31
0.31
0.309
0.309
0.309
0.306
0.311
0.314
0.318
0.318
0.318
0.32
0.32
0.32
0.32
0.321
0.321
0.321
0.321
0.325
0.327
0.325
0.325
0.325
0.327
0.33
0.33
0.332
0.336
0.335
0.336
0.341
0.338
0.341
0.341
0.341
0.343
0.347
0.349
0.349
0.347
0.349
0.351
0.348
0.351
0.351
0.351
0.35
0.355
0.355
0.355
0.357
0.359
0.357
0.359
0.36
0.371
0.372
0.372
0.374
0.374
0.376
0.376
0.376
0.381
0.383
0.389
0.391
0.391
0.391
0.391
0.393
0.395
0.395
0.395
0.396
0.398
0.4
0.417
0.417
0.423
0.423
0.424
0.423
0.423
0.427
0.43
0.431
0.435
0.439
0.443
0.444
0.444
0.447
0.451
0.456
0.465
0.466
0.466
0.466
0.466
0.464
0.455
0.454
0.453
0.451
0.447
0.444
0.444
0.444
0.444
0.443
0.444
0.441
0.441
0.441
0.439
0.439
0.44
0.44
0.44
0.44
0.437
0.429
0.428
0.427
0.426
0.426
0.426
0.426
0.426
0.423
0.421
0.421
0.421
0.418
0.418
0.416
0.416
0.416
0.414
0.41
0.408
0.402
0.402
0.402
0.403
0.405
0.405
0.407
0.408
0.408
0.408
0.408
0.406
0.399
0.405
0.399
0.394
0.394
0.397
0.394
0.397
0.397
0.394
0.394
0.389
0.389
0.386
0.386
0.389
0.389
0.389
0.389
0.392
0.384
0.384
0.384
0.384
0.384
0.387
0.39
0.39
0.39
0.385
0.384
0.381
0.38
0.384
0.38
0.379
0.379
0.381
0.381
0.381
0.381
0.38
0.378
0.378
0.378
0.378
0.378
0.376
0.376
0.375
0.376
0.376
0.377
0.378
0.378
0.377
0.377
0.378
0.377
0.378
0.378
0.378
0.378
0.378
0.376
0.376
0.372
0.372
0.372
0.372
0.374
0.374
0.374
0.374
0.372
0.371
0.371
0.371
0.371
0.372
0.372
0.376
0.381
0.376
0.376
0.379
0.38
0.379
0.379
0.379
0.369
0.366
0.366
0.377
0.377
0.38
0.38
0.38
0.378
0.373
0.368
0.368
0.368
0.377
0.377
0.377
0.377
0.375
0.375
0.376
0.375
0.372
0.372
0.372
0.372
0.372
0.375
0.375
0.373
0.373
0.375
0.378
0.378
0.378
0.377
0.376
0.376
0.376
0.376
0.376
0.378
0.379
0.383
0.383
0.384
0.384
0.383
0.382
0.382
0.382
0.385
0.386
0.386
0.385
0.385
0.388
0.388
0.393
0.393
0.395
0.395
0.397
0.395
0.395
0.397
0.392
0.388
0.392
0.388
0.388
0.388
0.388
0.388
0.392
0.396
0.398
0.4
0.4
0.398
0.4
0.4
0.4
0.4
0.4
0.4
0.405
0.405
0.405
0.406
0.406
0.406
0.406
0.407
0.41
0.415
0.415
0.415
0.413
0.413
0.411
0.411
0.411
0.411
0.411
0.413
0.419
0.413
0.419
0.422
0.422
0.424
0.424
0.424
0.422
0.422
0.422
0.427
0.436
0.436
0.436
0.436
0.436
0.436
0.44
0.44
0.441
0.441
0.448
0.445
0.445
0.445
0.446
0.446
0.465
0.486
0.541
0.853
0.954
1.002
1.03
1.042
1.046
1.058
1.061
1.061
1.061
1.068
1.068
1.073
1.074
1.075
1.08
1.085
1.087
1.092
1.096
1.098
1.101
1.103
1.111
1.111
1.111
1.107
1.106
1.105
1.104
1.097
1.09
