1.067
1.067
1.067
1.064
1.057
1.051
1.048
1.044
1.043
1.034
1.033
1.033
1.03
1.024
1.02
1.014
1.011
1.01
1.003
0.995
0.994
0.989
0.987
0.98
0.98
0.977
0.975
0.975
0.967
0.964
0.962
0.957
0.954
0.953
0.944
0.943
0.937
0.937
0.936
0.936
0.934
0.934
0.932
0.926
0.925
0.921
0.92
0.92
0.914
0.913
0.908
0.904
0.903
0.901
0.901
0.896
0.895
0.888
0.888
0.887
0.887
0.887
0.887
0.884
0.879
0.878
0.877
0.876
0.873
0.867
0.867
0.863
0.859
0.855
0.855
0.852
0.852
0.852
0.85
0.85
0.846
0.845
0.838
0.837
0.837
0.828
0.825
0.825
0.826
0.826
0.828
0.829
0.828
0.829
0.828
0.819
0.819
0.818
0.818
0.818
0.817
0.817
0.817
0.817
0.818
0.82
0.818
0.818
0.813
0.813
0.811
0.811
0.807
0.805
0.805
0.799
0.799
0.798
0.798
0.793
0.793
0.793
0.793
0.792
0.793
0.79
0.79
0.79
0.79
0.786
0.785
0.785
0.783
0.783
0.78
0.782
0.78
0.78
0.775
0.775
0.775
0.777
0.778
0.778
0.777
0.778
0.776
0.773
0.776
0.777
0.777
0.777
0.777
0.776
0.776
0.775
0.771
0.771
0.773
0.768
0.768
0.768
0.768
0.763
0.762
0.755
0.755
0.755
0.755
0.76
0.76
0.761
0.764
0.764
0.765
0.765
0.765
0.765
0.759
0.759
0.757
0.757
0.757
0.756
0.754
0.754
0.756
0.756
0.754
0.758
0.759
0.759
0.758
0.759
0.759
0.758
0.758
0.76
0.76
0.77
0.77
0.77
0.77
0.77
0.77
0.768
0.761
0.761
0.761
0.772
0.772
0.772
0.773
0.772
0.772
0.768
0.768
0.768
0.774
0.777
0.778
0.778
0.779
0.778
0.778
0.778
0.778
0.778
0.778
0.779
0.779
0.78
0.782
0.785
0.785
0.785
0.784
0.784
0.784
0.784
0.784
0.785
0.783
0.788
0.788
0.786
0.786
0.789
0.792
0.793
0.793
0.797
0.798
0.802
0.798
0.798
0.797
0.797
0.797
0.801
0.802
0.808
0.808
0.81
0.81
0.809
0.811
0.81
0.809
0.81
0.81
0.808
0.807
0.807
0.783
0.747
0.545
0.416
0.388
0.356
0.349
0.313
0.287
0.281
0.28
0.28
0.28
0.284
0.286
0.286
0.284
0.289
0.286
0.285
0.285
0.286
0.286
0.292
0.293
0.293
0.293
0.293
0.295
0.294
0.295
0.295
0.299
0.299
0.299
0.303
0.299
0.303
0.305
0.306
0.308
0.308
0.306
0.306
0.31
0.31
0.312
0.317
0.317
0.314
0.312
0.312
0.308
0.308
0.312
0.312
0.316
0.324
0.327
0.327
0.326
0.324
0.326
0.326
0.328
0.331
0.336
0.34
0.34
0.34
0.343
0.343
0.343
0.351
0.351
0.351
0.352
0.352
0.353
0.353
0.355
0.355
0.36
0.363
0.365
0.365
0.367
0.364
0.364
0.364
0.371
0.369
0.376
0.377
0.377
0.377
0.38
0.381
0.385
0.385
0.387
0.387
0.389
0.389
0.395
0.396
0.401
0.404
0.404
0.404
0.406
0.413
0.416
0.416
0.416
0.424
0.427
0.427
0.43
0.43
0.432
0.434
0.443
0.448
0.449
0.458
0.462
0.462
0.463
0.462
0.462
0.457
0.451
0.451
0.446
0.446
0.445
0.445
0.44
0.44
0.44
0.44
0.44
0.438
0.431
0.431
0.431
0.434
0.431
0.434
0.434
0.434
0.434
0.434
0.433
0.427
0.427
0.426
0.424
0.423
0.423
0.426
0.423
0.423
0.416
0.416
0.416
0.416
0.416
0.416
0.415
0.41
0.41
0.41
0.413
0.413
0.413
0.413
0.412
0.412
0.412
0.407
0.41
0.405
0.404
0.405
0.406
0.405
0.402
0.403
0.402
0.401
0.396
0.396
0.395
0.395
0.395
0.396
0.396
0.397
0.397
0.397
0.397
0.393
0.393
0.393
0.393
0.393
0.393
0.392
0.392
0.392
0.393
0.392
0.392
0.385
0.385
0.385
0.385
0.386
0.386
0.387
0.386
0.386
0.384
0.386
0.386
0.386
0.38
0.386
0.38
0.38
0.383
0.383
0.383
0.383
0.381
0.381
0.381
0.381
0.385
0.385
0.379
0.379
0.379
0.377
0.377
0.378
0.372
0.372
0.375
0.375
0.371
0.375
0.376
0.38
0.38
0.38
0.38
0.383
0.381
0.38
0.38
0.38
0.38
0.38
0.38
0.38
0.38
0.378
0.378
0.378
0.377
0.377
0.379
0.379
0.379
0.379
0.375
0.375
0.375
0.38
0.38
0.38
0.373
0.373
0.373
0.373
0.376
0.377
0.379
0.377
0.379
0.379
0.379
0.379
0.379
0.377
0.375
0.375
0.375
0.375
0.375
0.375
0.382
0.376
0.377
0.384
0.382
0.382
0.384
0.384
0.384
0.385
0.384
0.386
0.387
0.388
0.387
0.387
0.384
0.384
0.384
0.384
0.389
0.39
0.389
0.389
0.39
0.39
0.39
0.393
0.399
0.399
0.399
0.399
0.399
0.396
0.396
0.399
0.399
0.396
0.399
0.396
0.396
0.396
0.401
0.401
0.406
0.403
0.406
0.41
0.41
0.405
0.406
0.405
0.405
0.406
0.406
0.41
0.413
0.413
0.413
0.414
0.415
0.415
0.416
0.416
0.423
0.423
0.423
0.425
0.425
0.427
0.427
0.431
0.431
0.43
0.427
0.427
0.427
0.43
0.432
0.433
0.433
0.432
0.432
0.434
0.44
0.443
0.443
0.443
0.443
0.443
0.443
0.443
0.445
0.445
0.443
0.445
0.445
0.45
0.452
0.455
0.455
0.46
0.46
0.46
0.46
0.463
0.465
0.465
0.463
0.463
0.456
0.447
0.444
0.442
0.441
0.438
0.436
0.435
0.435
0.426
0.426
0.423
0.423
0.421
0.421
0.417
0.411
0.409
0.408
0.402
0.401
0.397
0.397
0.398
0.398
0.396
0.394
0.391
0.386
0.384
0.384
0.382
0.382
0.381
0.379
0.378
0.372
0.372
0.372
0.372
0.372
0.368
0.368
0.365
0.36
0.359
0.36
0.362
0.36
0.359
0.359
0.354
0.353
0.353
0.352
0.35
0.35
0.349
0.345
0.342
0.342
0.336
0.342
0.335
0.335
0.335
0.335
0.332
0.332
0.332
0.331
0.33
0.329
0.329
0.329
0.325
0.322
0.322
0.322
0.322
0.323
0.323
0.322
0.317
0.312
0.312
0.313
0.313
0.313
0.313
0.31
0.31
0.308
0.308
0.308
0.308
0.303
0.3
0.301
0.301
0.298
0.296
0.296
0.295
0.294
0.294
0.294
0.294
0.292
0.292
0.292
0.292
0.293
0.293
0.293
0.296
0.293
0.292
0.292
0.292
0.292
0.292
0.292
0.289
0.283
0.282
0.28
0.278
0.278
0.279
0.28
0.283
0.284
0.286
0.286
0.286
0.279
0.279
0.279
0.279
0.28
0.28
0.278
0.276
0.276
0.276
0.271
0.273
0.273
0.273
0.273
0.273
0.273
0.273
0.273
0.273
0.273
0.273
0.273
0.274
0.275
0.278
0.277
0.277
0.277
0.277
0.277
0.277
0.277
0.277
0.277
0.277
0.273
0.27
0.277
0.276
0.271
0.274
0.274
0.274
0.272
0.272
0.272
0.272
0.272
0.27
0.269
0.269
0.269
0.27
0.269
0.269
0.267
0.266
0.266
0.265
0.265
0.265
0.265
0.265
0.274
0.274
0.268
0.268
0.267
0.265
0.264
0.264
0.263
0.265
0.265
0.265
0.265
0.269
0.271
0.271
0.269
0.266
0.266
0.266
0.268
0.268
0.268
0.266
0.266
0.262
0.262
0.262
0.265
0.265
0.27
0.273
0.274
0.274
0.274
0.27
0.267
0.267
0.267
0.267
0.273
0.274
0.274
0.275
0.274
0.269
0.269
0.269
0.269
0.271
0.271
0.271
0.266
0.266
0.266
0.27
0.272
0.272
0.272
0.272
0.272
0.271
0.271
0.274
0.273
0.273
0.274
0.275
0.277
0.284
0.284
0.284
0.282
0.277
0.276
0.274
0.274
0.276
0.274
0.274
0.274
0.274
0.274
0.278
0.278
0.279
0.279
0.279
0.275
0.274
0.274
0.275
0.277
0.281
0.281
0.281
0.281
0.28
0.28
0.28
0.28
0.28
0.28
0.282
0.28
0.282
0.284
0.284
0.288
0.288
0.288
0.288
0.291
0.293
0.293
0.293
0.293
0.3
0.3
0.3
0.3
0.3
0.3
0.302
0.302
0.303
0.304
0.303
0.302
0.306
0.302
0.302
0.302
0.309
0.296
0.299
0.299
0.306
0.306
0.306
0.306
0.305
0.305
0.305
0.31
0.311
0.311
0.314
0.319
0.319
0.319
0.322
0.318
0.317
0.318
0.322
0.318
0.32
0.32
0.319
0.319
0.32
0.324
0.328
0.328
0.329
0.328
0.328
0.326
0.328
0.328
0.335
0.337
0.338
0.341
0.343
0.344
0.344
0.346
0.346
0.349
0.353
0.353
0.354
0.358
0.358
0.359
0.359
0.359
0.361
0.362
0.362
