0.782
0.782
0.782
0.781
0.781
0.781
0.786
0.786
0.788
0.788
0.788
0.786
0.786
0.786
0.79
0.793
0.796
0.796
0.795
0.798
0.795
0.795
0.796
0.797
0.797
0.802
0.803
0.812
0.812
0.814
0.814
0.812
0.813
0.813
0.807
0.798
0.794
0.764
0.708
0.593
0.464
0.394
0.344
0.299
0.295
0.295
0.287
0.284
0.283
0.277
0.283
0.283
0.289
0.289
0.289
0.29
0.289
0.29
0.29
0.291
0.291
0.293
0.294
0.296
0.296
0.296
0.289
0.289
0.289
0.296
0.296
0.302
0.302
0.304
0.302
0.305
0.305
0.305
0.308
0.31
0.308
0.31
0.311
0.311
0.313
0.313
0.318
0.319
0.319
0.318
0.318
0.317
0.317
0.314
0.317
0.317
0.322
0.322
0.324
0.322
0.322
0.324
0.33
0.334
0.334
0.336
0.337
0.339
0.343
0.343
0.343
0.343
0.343
0.345
0.348
0.348
0.348
0.348
0.353
0.352
0.352
0.356
0.361
0.362
0.363
0.366
0.372
0.376
0.377
0.377
0.378
0.378
0.379
0.379
0.379
0.379
0.379
0.379
0.379
0.382
0.384
0.394
0.396
0.397
0.402
0.403
0.408
0.411
0.413
0.413
0.415
0.417
0.42
0.424
0.433
0.433
0.435
0.437
0.444
0.444
0.444
0.444
0.444
0.446
0.452
0.452
0.452
0.448
0.439
0.438
0.438
0.437
0.437
0.439
0.439
0.437
0.439
0.441
0.437
0.437
0.436
0.425
0.425
0.425
0.432
0.433
0.433
0.432
0.431
0.422
0.422
0.422
0.419
0.418
0.415
0.414
0.414
0.414
0.414
0.416
0.416
0.41
0.409
0.41
0.409
0.408
0.409
0.409
0.408
0.409
0.41
0.41
0.409
0.409
0.407
0.405
0.404
0.403
0.399
0.398
0.396
0.394
0.394
0.394
0.391
0.391
0.391
0.388
0.387
0.388
0.388
0.39
0.39
0.393
0.393
0.393
0.39
0.392
0.39
0.388
0.382
0.382
0.381
0.381
0.381
0.381
0.381
0.383
0.383
0.383
0.384
0.385
0.385
0.385
0.385
0.385
0.385
0.385
0.385
0.385
0.382
0.382
0.38
0.378
0.373
0.373
0.378
0.373
0.378
0.378
0.376
0.376
0.376
0.376
0.376
0.376
0.372
0.376
0.373
0.373
0.374
0.377
0.377
0.377
0.379
0.379
0.379
0.383
0.383
0.381
0.381
0.381
0.381
0.383
0.383
0.383
0.383
0.385
0.386
0.386
0.386
0.386
0.382
0.381
0.372
0.372
0.373
0.373
0.375
0.375
0.375
0.375
0.375
0.377
0.378
0.378
0.378
0.377
0.379
0.379
0.379
0.379
0.379
0.379
0.379
0.379
0.381
0.379
0.379
0.38
0.38
0.379
0.378
0.372
0.372
0.378
0.372
0.379
0.379
0.379
0.384
0.384
0.384
0.384
0.384
0.38
0.38
0.383
0.383
0.385
0.387
0.388
0.388
0.385
0.39
0.39
0.394
0.394
0.394
0.391
0.387
0.387
0.387
0.387
0.39
0.39
0.39
0.39
0.393
0.393
0.393
0.394
0.394
0.394
0.397
0.398
0.398
0.399
0.399
0.394
0.394
0.394
0.393
0.393
0.398
0.398
0.398
0.399
0.4
0.4
0.404
0.4
0.404
0.407
0.407
0.407
0.407
0.407
0.407
0.411
0.412
0.416
0.416
0.422
0.422
0.422
0.423
0.423
0.423
0.425
0.425
0.425
0.425
0.425
0.427
0.435
0.435
0.435
0.435
0.435
0.435
0.435
0.437
0.439
0.444
0.444
0.444
0.445
0.445
0.446
0.446
0.449
0.452
0.453
0.453
0.455
0.455
0.455
0.455
0.458
0.458
0.458
0.458
0.464
0.469
0.47
0.47
0.469
0.461
0.455
0.449
0.448
0.438
0.436
0.436
0.436
0.433
0.429
0.427
0.427
0.427
0.42
0.42
0.417
0.417
0.407
0.405
0.401
0.396
0.396
0.396
0.388
0.386
0.386
0.386
0.385
0.384
0.381
0.383
0.381
0.379
0.381
0.381
0.381
0.379
0.379
0.374
0.374
0.374
0.368
0.366
0.358
0.356
0.357
0.357
0.356
0.355
0.355
0.354
0.353
0.349
0.349
0.349
0.347
0.347
0.345
0.345
0.344
0.339
0.336
0.336
0.332
0.332
0.334
0.334
0.329
0.327
0.325
0.325
0.325
0.325
0.327
0.327
0.322
0.324
0.322
0.321
0.321
0.321
0.32
0.319
0.319
0.316
0.315
0.315
0.316
0.316
0.316
0.316
0.316
0.311
0.303
0.303
0.303
0.302
0.302
0.302
0.3
0.299
0.299
0.292
0.292
0.294
0.296
0.294
0.294
0.29
0.29
0.29
0.29
0.291
0.292
0.291
0.29
0.29
0.289
0.285
0.284
0.285
0.289
0.284
0.284
0.287
0.285
0.278
0.278
0.276
0.275
0.275
0.275
0.277
0.278
0.278
0.278
0.278
0.276
0.275
0.272
0.272
0.272
0.275
0.272
0.272
0.272
0.272
0.272
0.273
0.273
0.273
0.273
0.272
0.272
0.272
0.272
0.268
0.267
0.267
0.267
0.271
0.271
0.273
0.272
0.272
0.271
0.271
0.271
0.261
0.261
0.261
0.264
0.266
0.266
0.264
0.263
0.263
0.263
0.265
0.266
0.266
0.266
0.261
0.26
0.26
0.261
0.263
0.264
0.265
0.265
0.268
0.268
0.259
0.258
0.259
0.258
0.258
0.26
0.26
0.26
0.261
0.261
0.262
0.262
0.264
0.262
0.264
0.264
0.264
0.265
0.265
0.265
0.265
0.266
0.268
0.268
0.265
0.266
0.265
0.265
0.265
0.264
0.264
0.264
0.264
0.259
0.267
0.265
0.265
0.26
0.263
0.26
0.26
0.261
0.261
0.261
0.261
0.262
0.266
0.266
0.266
0.266
0.264
0.262
0.262
0.262
0.261
0.261
0.259
0.259
0.259
0.259
0.26
0.262
0.262
0.266
0.266
0.266
0.262
0.261
0.261
0.262
0.27
0.27
0.27
0.268
0.266
0.266
0.268
0.268
0.268
0.268
0.27
0.267
0.27
0.267
0.272
0.267
0.276
0.268
0.268
0.268
0.28
0.27
0.276
0.279
0.276
0.271
0.274
0.273
0.273
0.273
0.274
0.274
0.282
0.282
0.282
0.278
0.276
0.275
0.276
0.276
0.276
0.276
0.279
0.279
0.279
0.279
0.279
0.284
0.284
0.284
0.284
0.284
0.284
0.292
0.292
0.293
0.293
0.297
0.297
0.297
0.296
0.292
0.29
0.29
0.292
0.292
0.295
0.301
0.301
0.297
0.297
0.301
0.301
0.302
0.309
0.309
0.302
0.302
0.302
0.302
0.301
0.306
0.306
0.305
0.304
0.305
0.305
0.306
0.311
0.314
0.315
0.315
0.315
0.315
0.322
0.322
0.322
0.322
0.322
0.322
0.322
0.322
0.322
0.325
0.325
0.329
0.332
0.333
0.337
0.337
0.337
0.341
0.341
0.342
0.342
0.342
0.336
0.336
0.336
0.341
0.348
0.35
0.348
0.35
0.354
0.355
0.356
0.362
0.362
0.366
0.366
0.368
0.371
0.373
0.373
0.373
0.373
0.377
0.378
0.379
0.384
0.385
0.387
0.387
0.387
0.388
0.388
0.391
0.393
0.393
0.393
0.393
0.396
0.396
0.403
0.404
0.408
0.41
0.417
0.418
0.42
0.424
0.425
0.428
0.431
0.433
0.433
0.44
0.441
0.446
0.446
0.451
0.454
0.457
0.461
0.461
0.457
0.457
0.457
0.452
0.451
0.452
0.451
0.451
0.451
0.445
0.445
0.445
0.443
0.443
0.443
0.441
0.438
0.435
0.433
0.433
0.433
0.433
0.433
0.43
0.43
0.432
0.432
0.432
0.432
0.427
0.423
0.418
0.418
0.418
0.415
0.415
0.415
0.41
0.41
0.41
0.411
0.413
0.413
0.412
0.412
0.407
0.407
0.407
0.407
0.405
0.405
0.404
0.403
0.399
0.397
0.394
0.394
0.394
0.4
0.4
0.4
0.397
0.397
0.396
0.396
0.396
0.396
0.393
0.39
0.389
0.388
0.387
0.387
0.386
0.386
0.385
0.386
0.386
0.386
0.386
0.386
0.385
0.388
0.385
0.384
0.383
0.383
0.383
0.38
0.378
0.377
0.378
0.378
0.38
0.381
0.381
0.383
0.381
0.379
0.379
0.379
0.379
0.381
0.381
0.381
0.381
0.382
0.378
0.381
0.382
0.381
0.381
0.381
0.381
0.381
0.379
0.379
0.375
0.375
0.375
0.375
0.375
0.375
0.375
0.375
0.375
0.375
0.369
0.369
0.375
0.374
0.374
0.375
0.375
0.378
0.379
0.381
0.381
0.381
0.381
0.38
0.376
0.376
0.376
0.376
0.372
0.373
0.372
0.37
0.372
0.372
0.372
0.372
0.372
0.372
0.372
0.371
0.371
0.371
0.371
0.371
0.371
0.371
0.371
0.372
0.372
0.372
0.372
0.372
0.373
0.374
0.376
0.376
0.376
0.377
0.377
0.377
0.377
0.378
0.378
0.378
0.379
0.38
0.379
0.379
0.379
0.377
0.377
0.377
0.371
0.371
0.378
0.378
0.378
