0.791
0.791
0.791
0.786
0.783
0.783
0.782
0.782
0.779
0.779
0.778
0.778
0.778
0.781
0.781
0.783
0.781
0.781
0.781
0.772
0.765
0.772
0.774
0.772
0.772
0.774
0.774
0.772
0.768
0.765
0.765
0.762
0.762
0.762
0.766
0.762
0.768
0.768
0.769
0.769
0.769
0.769
0.766
0.757
0.756
0.756
0.755
0.756
0.758
0.758
0.758
0.758
0.761
0.761
0.761
0.76
0.758
0.758
0.758
0.758
0.756
0.758
0.756
0.756
0.755
0.755
0.755
0.755
0.755
0.756
0.758
0.758
0.762
0.762
0.766
0.768
0.768
0.767
0.767
0.767
0.767
0.769
0.769
0.769
0.769
0.769
0.768
0.768
0.769
0.769
0.77
0.77
0.769
0.772
0.771
0.771
0.775
0.775
0.776
0.776
0.77
0.77
0.771
0.77
0.771
0.772
0.772
0.776
0.776
0.777
0.779
0.779
0.779
0.78
0.78
0.78
0.782
0.782
0.791
0.791
0.794
0.791
0.785
0.785
0.789
0.789
0.796
0.796
0.796
0.796
0.795
0.793
0.795
0.796
0.794
0.796
0.801
0.803
0.803
0.803
0.802
0.802
0.802
0.805
0.805
0.806
0.807
0.811
0.817
0.817
0.817
0.808
0.803
0.791
0.771
0.729
0.623
0.481
0.423
0.392
0.358
0.318
0.302
0.299
0.299
0.299
0.297
0.297
0.293
0.292
0.292
0.292
0.292
0.292
0.29
0.29
0.293
0.293
0.295
0.295
0.294
0.294
0.294
0.294
0.298
0.303
0.306
0.306
0.304
0.305
0.304
0.304
0.304
0.305
0.305
0.305
0.308
0.31
0.311
0.312
0.316
0.316
0.313
0.313
0.313
0.313
0.318
0.321
0.321
0.321
0.321
0.321
0.328
0.332
0.332
0.328
0.327
0.327
0.327
0.33
0.33
0.33
0.33
0.331
0.336
0.336
0.34
0.34
0.34
0.34
0.34
0.344
0.351
0.353
0.355
0.354
0.353
0.354
0.355
0.357
0.361
0.363
0.364
0.371
0.374
0.376
0.376
0.375
0.376
0.376
0.38
0.381
0.381
0.384
0.388
0.389
0.393
0.395
0.398
0.399
0.399
0.401
0.404
0.405
0.409
0.41
0.415
0.415
0.416
0.421
0.43
0.433
0.433
0.434
0.434
0.439
0.445
0.448
0.452
0.453
0.454
0.454
0.453
0.455
0.455
0.455
0.451
0.451
0.45
0.449
0.445
0.444
0.444
0.442
0.442
0.436
0.436
0.436
0.435
0.432
0.432
0.431
0.431
0.432
0.433
0.433
0.433
0.433
0.431
0.431
0.427
0.423
0.419
0.419
0.419
0.422
0.422
0.422
0.415
0.414
0.414
0.413
0.413
0.41
0.41
0.41
0.41
0.413
0.413
0.411
0.406
0.406
0.406
0.411
0.405
0.405
0.405
0.403
0.403
0.397
0.397
0.397
0.397
0.396
0.396
0.395
0.395
0.403
0.403
0.395
0.395
0.395
0.393
0.394
0.393
0.393
0.393
0.393
0.393
0.393
0.389
0.389
0.39
0.382
0.382
0.384
0.384
0.384
0.384
0.384
0.384
0.384
0.385
0.385
0.385
0.385
0.385
0.386
0.39
0.39
0.382
0.382
0.382
0.382
0.383
0.383
0.382
0.382
0.375
0.375
0.375
0.376
0.378
0.378
0.378
0.38
0.382
0.38
0.379
0.38
0.38
0.38
0.38
0.38
0.376
0.376
0.376
0.378
0.378
0.382
0.382
0.382
0.38
0.38
0.376
0.38
0.386
0.386
0.384
0.384
0.384
0.382
0.381
0.382
0.382
0.382
0.384
0.386
0.388
0.388
0.388
0.383
0.383
0.383
0.387
0.387
0.387
0.384
0.38
0.379
0.38
0.384
0.383
0.384
0.384
0.383
0.383
0.383
0.383
0.383
0.383
0.382
0.382
0.382
0.381
0.381
0.383
0.378
0.379
0.382
0.379
0.378
0.379
0.378
0.378
0.388
0.388
0.386
0.386
0.386
0.386
0.389
0.389
0.389
0.391
0.389
0.388
0.388
0.388
0.388
0.387
0.387
0.387
0.392
0.392
0.395
0.395
0.395
0.395
0.395
0.394
0.394
0.393
0.39
0.39
0.393
0.396
0.396
0.398
0.398
0.395
0.395
0.403
0.401
0.404
0.404
0.408
0.404
0.406
0.406
0.406
0.406
0.406
0.405
0.405
0.405
0.407
0.409
0.412
0.412
0.412
0.412
0.412
0.414
0.414
0.417
0.417
0.424
0.424
0.423
0.423
0.426
0.426
0.432
0.432
0.432
0.432
0.432
0.43
0.432
0.432
0.432
0.432
0.442
0.443
0.444
0.443
0.444
0.444
0.445
0.445
0.445
0.444
0.442
0.44
0.44
0.44
0.457
0.457
0.457
0.457
0.457
0.458
0.46
0.46
0.46
0.45
0.45
0.447
0.443
0.443
0.436
0.432
0.429
0.426
0.421
0.422
0.421
0.421
0.42
0.411
0.411
0.41
0.411
0.41
0.405
0.398
0.394
0.394
0.394
0.389
0.387
0.387
0.387
0.39
0.393
0.393
0.39
0.386
0.386
0.38
0.383
0.383
0.38
0.367
0.366
0.366
0.366
0.367
0.366
0.359
0.359
0.357
0.354
0.354
0.354
0.352
0.352
0.352
0.352
0.352
0.352
0.352
0.35
0.347
0.347
0.347
0.347
0.343
0.338
0.338
0.338
0.338
0.337
0.337
0.333
0.325
0.325
0.328
0.328
0.328
0.328
0.322
0.322
0.322
0.322
0.322
0.317
0.317
0.318
0.318
0.318
0.318
0.314
0.31
0.31
0.31
0.31
0.31
0.31
0.309
0.309
0.308
0.305
0.305
0.303
0.303
0.3
0.3
0.299
0.297
0.297
0.297
0.298
0.298
0.298
0.29
0.29
0.29
0.29
0.292
0.295
0.292
0.292
0.292
0.295
0.292
0.292
0.285
0.285
0.285
0.285
0.29
0.29
0.287
0.287
0.285
0.279
0.279
0.279
0.277
0.277
0.277
0.277
0.282
0.282
0.283
0.283
0.274
0.274
0.277
0.277
0.278
0.278
0.279
0.279
0.278
0.277
0.278
0.276
0.276
0.276
0.278
0.278
0.278
0.267
0.266
0.266
0.266
0.266
0.267
0.267
0.269
0.273
0.269
0.273
0.273
0.27
0.27
0.27
0.263
0.267
0.262
0.261
0.261
0.267
0.268
0.27
0.27
0.268
0.262
0.259
0.259
0.257
0.259
0.259
0.261
0.261
0.266
0.266
0.266
0.267
0.266
0.265
0.265
0.264
0.259
0.259
0.262
0.261
0.261
0.262
0.262
0.261
0.264
0.27
0.27
0.261
0.26
0.256
0.256
0.256
0.259
0.261
0.262
0.262
0.262
0.26
0.26
0.26
0.26
0.26
0.261
0.261
0.261
0.264
0.264
0.264
0.264
0.264
0.264
0.264
0.264
0.264
0.266
0.267
0.266
0.267
0.267
0.269
0.267
0.267
0.267
0.268
0.265
0.265
0.268
0.265
0.265
0.266
0.266
0.266
0.266
0.266
0.263
0.266
0.263
0.263
0.263
0.268
0.269
0.274
0.276
0.276
0.276
0.271
0.268
0.267
0.267
0.269
0.264
0.269
0.269
0.272
0.271
0.272
0.272
0.272
0.272
0.272
0.272
0.272
0.272
0.272
0.276
0.269
0.282
0.282
0.268
0.268
0.279
0.273
0.279
0.28
0.284
0.285
0.285
0.284
0.279
0.279
0.279
0.279
0.279
0.281
0.282
0.286
0.289
0.289
0.292
0.292
0.292
0.285
0.292
0.292
0.292
0.292
0.297
0.297
0.297
0.297
0.297
0.297
0.299
0.302
0.3
0.3
0.3
0.3
0.298
0.298
0.298
0.298
0.306
0.307
0.307
0.307
0.31
0.307
0.31
0.305
0.305
0.305
0.305
0.305
0.314
0.317
0.319
0.321
0.321
0.322
0.322
0.316
0.316
0.321
0.321
0.323
0.325
0.325
0.325
0.324
0.327
0.327
0.327
0.328
0.33
0.334
0.335
0.335
0.334
0.334
0.335
0.34
0.343
0.343
0.341
0.343
0.345
0.346
0.354
0.354
0.354
0.348
0.348
0.348
0.353
0.362
0.362
0.362
0.362
0.368
0.367
0.368
0.371
0.375
0.372
0.375
0.375
0.375
0.382
0.389
0.392
0.394
0.395
0.395
0.395
0.394
0.395
0.397
0.397
0.397
0.401
0.403
0.407
0.407
0.412
0.412
0.412
0.413
0.422
0.422
0.429
0.429
0.433
0.434
0.434
0.434
0.44
0.444
0.445
0.453
0.454
0.46
0.46
0.46
0.461
0.461
0.456
0.449
0.449
0.449
0.448
0.447
0.447
0.442
0.438
0.438
0.44
0.44
0.44
0.44
0.434
0.434
0.43
0.43
0.43
0.426
0.419
0.419
0.419
0.422
0.422
0.422
0.42
0.419
0.417
0.417
0.417
0.416
0.414
0.413
0.412
0.411
0.41
0.406
0.406
0.406
0.406
0.408
0.41
0.41
0.41
0.404
0.404
0.402
0.404
0.404
0.41
0.404
0.404
0.398
0.398
0.397
0.397
0.397
0.397
0.397
0.397
0.397
0.397
0.396
0.394
0.393
0.387
0.387
0.387
0.387
0.387
0.387
0.386
0.386
