0.795
0.797
0.797
0.799
0.805
0.807
0.812
0.814
0.817
0.823
0.825
0.83
0.833
0.84
0.84
0.843
0.851
0.856
0.86
0.862
0.871
0.875
0.877
0.881
0.886
0.889
0.897
0.913
0.915
0.918
0.921
0.924
0.929
0.936
0.936
0.941
0.949
0.961
0.964
0.97
0.973
0.98
0.995
0.995
1.001
1.008
1.016
1.021
1.029
1.041
1.042
1.056
1.058
1.065
1.079
1.089
1.089
1.088
1.088
1.085
1.085
1.085
1.085
1.085
1.08
1.08
1.074
1.065
1.06
1.062
1.062
1.062
1.063
1.063
1.063
1.06
1.06
1.056
1.054
1.048
1.046
1.036
1.039
1.033
1.033
1.033
1.037
1.033
1.033
1.032
1.032
1.032
1.025
1.025
1.021
1.009
1.005
1.003
0.984
0.965
0.942
0.856
0.772
0.753
0.616
0.397
0.395
0.359
0.336
0.289
0.25
0.249
0.246
0.246
0.246
0.247
0.247
0.247
0.246
0.246
0.246
0.246
0.247
0.249
0.266
0.277
0.302
0.351
0.365
0.379
0.386
0.386
0.386
0.377
0.377
0.377
0.384
0.389
0.393
0.399
0.423
0.434
0.455
0.465
0.469
0.471
0.48
0.481
0.483
0.483
0.483
0.483
0.484
0.484
0.484
0.484
0.478
0.478
0.473
0.473
0.473
0.473
0.475
0.476
0.478
0.478
0.475
0.477
0.477
0.477
0.477
0.478
0.478
0.478
0.478
0.479
0.481
0.481
0.481
0.481
0.481
0.482
0.484
0.484
0.484
0.484
0.478
0.478
0.478
0.478
0.483
0.483
0.481
0.482
0.481
0.481
0.482
0.483
0.485
0.486
0.486
0.486
0.486
0.486
0.486
0.486
0.489
0.49
0.49
0.491
0.493
0.491
0.49
0.491
0.49
0.49
0.491
0.491
0.493
0.495
0.495
0.495
0.498
0.499
0.498
0.499
0.499
0.499
0.496
0.495
0.495
0.495
0.499
0.502
0.503
0.502
0.502
0.499
0.499
0.499
0.508
0.511
0.511
0.509
0.513
0.513
0.513
0.513
0.517
0.517
0.516
0.516
0.516
0.516
0.516
0.516
0.517
0.517
0.519
0.519
0.52
0.524
0.529
0.532
0.535
0.538
0.535
0.535
0.534
0.534
0.534
0.532
0.534
0.535
0.54
0.544
0.545
0.546
0.547
0.547
0.548
0.548
0.548
0.548
0.549
0.549
0.559
0.559
0.559
0.562
0.562
0.562
0.564
0.564
0.565
0.569
0.569
0.569
0.571
0.574
0.579
0.579
0.576
0.576
0.579
0.579
0.58
0.58
0.58
0.581
0.583
0.584
0.587
0.59
0.593
0.597
0.6
0.6
0.604
0.61
0.612
0.612
0.615
0.619
0.62
0.622
0.623
0.624
0.625
0.625
0.632
0.632
0.636
0.636
0.641
0.643
0.649
0.649
0.651
0.655
0.655
0.663
0.676
0.676
0.676
0.678
0.676
0.671
0.669
0.665
0.663
0.658
0.663
0.656
0.656
0.654
0.65
0.647
0.646
0.64
0.635
0.634
0.629
0.621
0.621
0.621
0.622
0.622
0.622
0.615
0.614
0.606
0.605
0.605
0.603
0.603
0.598
0.596
0.592
0.59
0.59
0.585
0.585
0.584
0.582
0.581
0.58
0.579
0.575
0.574
0.574
0.572
0.572
0.571
0.569
0.566
0.563
0.561
0.563
0.562
0.557
0.561
0.561
0.554
0.549
0.548
0.544
0.54
0.54
0.54
0.54
0.539
0.537
0.537
0.537
0.537
0.537
0.537
0.532
0.532
0.532
0.531
0.528
0.525
0.522
0.522
0.52
0.52
0.518
0.518
0.516
0.516
0.516
0.516
0.511
0.511
0.507
0.507
0.504
0.504
0.506
0.506
0.504
0.48
0.405
0.353
0.308
0.305
0.303
0.303
0.297
0.297
0.29
0.281
0.281
0.279
0.281
0.279
0.286
0.283
0.283
0.282
0.282
0.28
0.275
0.275
0.269
0.269
0.269
0.273
0.273
0.273
0.267
0.267
0.267
0.268
0.268
0.268
0.268
0.267
0.266
0.266
0.267
0.27
0.27
0.27
0.268
0.266
0.266
0.266
0.267
0.271
0.271
0.271
0.271
0.272
0.272
0.272
0.268
0.272
0.272
0.268
0.272
0.272
0.272
0.269
0.272
0.272
0.276
0.278
0.278
0.278
0.276
0.278
0.278
0.278
0.278
0.285
0.292
0.293
0.296
0.304
0.307
0.332
0.409
0.453
0.454
0.464
0.464
0.458
0.462
0.461
0.461
0.462
0.462
0.463
0.463
0.464
0.462
0.462
0.462
0.462
0.462
0.465
0.465
0.465
0.464
0.461
0.46
0.461
0.46
0.459
0.456
0.455
0.436
0.414
0.412
0.409
0.408
0.409
0.408
0.408
0.408
0.409
0.411
0.419
0.448
0.46
0.461
0.465
0.466
0.466
0.465
0.463
0.463
0.463
0.464
0.464
0.464
0.464
0.464
0.465
0.466
0.468
0.468
0.468
0.469
0.472
0.469
0.471
0.475
0.473
0.472
0.472
0.473
0.473
0.477
0.479
0.479
0.477
0.477
0.474
0.474
0.478
0.479
0.48
0.484
0.484
0.487
0.49
0.49
0.49
0.488
0.488
0.487
0.487
0.488
0.491
0.491
0.491
0.491
0.491
0.493
0.493
0.494
0.496
0.494
0.494
0.497
0.496
0.496
0.497
0.503
0.503
0.503
0.503
0.502
0.502
0.503
0.518
0.518
0.518
0.516
0.516
0.516
0.518
0.522
0.522
0.522
0.521
0.514
0.505
0.499
0.493
0.491
0.487
0.486
0.475
0.473
0.473
0.466
0.466
0.466
0.464
0.461
0.457
0.454
0.453
0.454
0.453
0.44
0.439
0.438
0.428
0.427
0.426
0.42
0.42
0.42
0.42
0.418
0.414
0.409
0.404
0.402
0.398
0.398
0.398
0.398
0.398
0.392
0.392
0.392
0.391
0.39
0.39
0.385
0.381
0.377
0.378
0.375
0.374
0.374
0.373
0.373
0.367
0.367
0.367
0.365
0.363
0.358
0.355
0.355
0.355
0.355
0.35
0.35
0.348
0.346
0.343
0.341
0.341
0.341
0.341
0.335
0.332
0.328
0.327
0.326
0.326
0.323
0.323
0.326
0.33
0.326
0.326
0.323
0.323
0.32
0.316
0.316
0.316
0.316
0.314
0.312
0.312
0.311
0.307
0.306
0.306
0.306
0.304
0.304
0.304
0.303
0.303
0.3
0.3
0.297
0.297
0.3
0.299
0.297
0.297
0.297
0.296
0.294
0.291
0.291
0.291
0.291
0.291
0.291
0.291
0.293
0.293
0.293
0.291
0.28
0.279
0.278
0.278
0.278
0.279
0.279
0.279
0.277
0.277
0.277
0.277
0.279
0.279
0.278
0.278
0.277
0.276
0.271
0.271
0.271
0.263
0.262
0.262
0.262
0.26
0.267
0.267
0.265
0.265
0.265
0.265
0.265
0.264
0.264
0.266
0.264
0.264
0.262
0.262
0.26
0.262
0.262
0.264
0.265
0.267
0.267
0.264
0.262
0.26
0.26
0.26
0.26
0.26
0.26
0.256
0.256
0.256
0.256
0.256
0.256
0.255
0.255
0.255
0.256
0.262
0.262
0.256
0.26
0.254
0.254
0.25
0.249
0.249
0.25
0.25
0.25
0.259
0.261
0.261
0.261
0.261
0.257
0.252
0.252
0.252
0.257
0.252
0.252
0.252
0.252
0.251
0.252
0.256
0.259
0.26
0.261
0.26
0.26
0.26
0.254
0.253
0.254
0.254
0.254
0.254
0.256
0.254
0.257
0.25
0.257
0.257
0.257
0.253
0.253
0.252
0.252
0.252
0.252
0.248
0.248
0.248
0.248
0.248
0.252
0.252
0.252
0.252
0.252
0.257
0.257
0.252
0.244
0.244
0.244
0.247
0.254
0.256
0.256
0.254
0.258
0.254
0.254
0.256
0.256
0.254
0.255
0.255
0.253
0.255
0.255
0.252
0.252
0.258
0.259
0.261
0.261
0.261
0.262
0.262
0.258
0.261
0.258
0.256
0.256
0.256
0.256
0.256
0.269
0.289
0.32
0.335
0.345
0.39
0.455
0.605
0.682
0.713
0.727
0.731
0.736
0.738
0.743
0.747
0.75
0.751
0.751
0.754
0.754
0.754
0.754
0.757
0.764
0.764
0.76
0.76
0.76
0.76
0.767
0.767
0.767
0.768
0.768
0.769
0.769
0.776
0.779
0.782
0.782
0.782
0.782
0.784
0.785
0.785
0.787
0.787
0.787
0.788
0.795
0.795
0.797
0.798
0.804
0.807
0.812
0.814
0.817
0.814
0.814
0.814
0.818
0.818
0.818
0.82
0.821
0.821
0.821
0.826
0.826
0.828
0.828
0.836
0.84
0.844
0.844
0.844
0.844
0.841
0.841
0.847
0.848
0.858
0.86
0.862
0.862
0.863
0.864
0.866
0.872
0.872
0.887
0.89
0.89
0.89
0.894
0.896
0.903
0.904
0.904
0.904
0.899
0.893
0.893
0.884
0.878
0.865
0.864
0.862
0.861
0.853
0.85
0.848
0.842
0.837
0.836
0.835
0.823
0.823
0.822
0.819
0.815
0.813
0.811
0.807
0.804
0.798
0.798
0.788
0.787
0.779
0.785
0.779
