0.267
0.268
0.268
0.269
0.269
0.272
0.267
0.272
0.272
0.272
0.268
0.275
0.268
0.268
0.276
0.276
0.273
0.276
0.273
0.271
0.273
0.274
0.274
0.274
0.274
0.274
0.28
0.278
0.278
0.278
0.278
0.278
0.278
0.278
0.278
0.275
0.274
0.274
0.275
0.285
0.285
0.285
0.283
0.283
0.283
0.287
0.289
0.289
0.289
0.289
0.291
0.291
0.291
0.291
0.291
0.29
0.29
0.295
0.295
0.295
0.295
0.292
0.292
0.292
0.292
0.294
0.296
0.297
0.298
0.298
0.298
0.299
0.302
0.302
0.302
0.304
0.304
0.304
0.301
0.304
0.307
0.307
0.307
0.308
0.309
0.309
0.311
0.311
0.311
0.313
0.317
0.317
0.317
0.32
0.32
0.317
0.32
0.32
0.32
0.328
0.328
0.328
0.328
0.328
0.333
0.334
0.336
0.338
0.337
0.34
0.337
0.341
0.341
0.344
0.342
0.342
0.346
0.348
0.347
0.348
0.348
0.348
0.35
0.356
0.358
0.359
0.364
0.364
0.364
0.368
0.369
0.371
0.371
0.374
0.372
0.372
0.376
0.382
0.387
0.388
0.389
0.39
0.39
0.394
0.394
0.397
0.397
0.397
0.399
0.401
0.405
0.407
0.413
0.415
0.415
0.416
0.416
0.42
0.421
0.423
0.431
0.433
0.434
0.438
0.441
0.441
0.445
0.446
0.452
0.458
0.462
0.462
0.462
0.461
0.446
0.446
0.446
0.446
0.446
0.444
0.442
0.437
0.437
0.436
0.436
0.435
0.432
0.432
0.431
0.427
0.427
0.43
0.43
0.427
0.427
0.424
0.424
0.419
0.417
0.417
0.419
0.419
0.416
0.415
0.414
0.414
0.41
0.41
0.41
0.409
0.404
0.403
0.403
0.403
0.402
0.403
0.402
0.405
0.405
0.406
0.406
0.407
0.406
0.396
0.396
0.399
0.399
0.399
0.399
0.399
0.39
0.389
0.39
0.39
0.388
0.387
0.387
0.385
0.385
0.384
0.385
0.39
0.39
0.386
0.39
0.386
0.382
0.382
0.381
0.381
0.381
0.383
0.381
0.375
0.38
0.379
0.377
0.379
0.379
0.377
0.377
0.377
0.377
0.379
0.379
0.379
0.379
0.374
0.374
0.374
0.376
0.376
0.376
0.374
0.374
0.374
0.374
0.375
0.375
0.375
0.375
0.372
0.37
0.372
0.372
0.372
0.372
0.372
0.372
0.372
0.372
0.377
0.377
0.377
0.372
0.372
0.372
0.377
0.372
0.376
0.376
0.376
0.373
0.373
0.37
0.37
0.37
0.376
0.376
0.376
0.376
0.377
0.377
0.378
0.378
0.378
0.377
0.376
0.373
0.373
0.373
0.373
0.376
0.376
0.376
0.378
0.377
0.377
0.377
0.375
0.375
0.375
0.375
0.375
0.375
0.375
0.375
0.375
0.377
0.377
0.379
0.378
0.378
0.378
0.378
0.378
0.372
0.372
0.371
0.371
0.371
0.371
0.375
0.375
0.374
0.374
0.379
0.374
0.379
0.382
0.382
0.379
0.379
0.379
0.379
0.382
0.386
0.386
0.39
0.391
0.391
0.387
0.387
0.387
0.383
0.383
0.382
0.384
0.384
0.388
0.388
0.388
0.388
0.388
0.396
0.396
0.394
0.396
0.39
0.39
0.394
0.396
0.398
0.398
0.398
0.398
0.398
0.403
0.404
0.404
0.404
0.404
0.404
0.404
0.404
0.414
0.414
0.414
0.414
0.414
0.411
0.411
0.414
0.417
0.417
0.417
0.417
0.415
0.415
0.417
0.418
0.421
0.425
0.426
0.426
0.426
0.426
0.426
0.424
0.426
0.427
0.427
0.427
0.431
0.433
0.435
0.435
0.433
0.433
0.433
0.433
0.436
0.438
0.438
0.438
0.438
0.438
0.441
0.451
0.454
0.458
0.471
0.541
0.813
0.947
0.998
1.022
1.032
1.038
1.045
1.055
1.064
1.068
1.068
1.07
1.07
1.076
1.078
1.079
1.085
1.086
1.086
1.089
1.095
1.095
1.103
1.109
1.114
1.109
1.109
1.109
1.102
1.101
1.096
1.086
1.083
1.073
1.07
1.06
1.058
1.057
1.055
1.055
1.044
1.038
1.036
1.032
1.03
1.03
1.02
1.015
1.008
1.006
1.002
0.995
0.992
0.986
0.978
0.975
0.974
0.973
0.973
0.97
0.962
0.957
0.957
0.956
0.956
0.95
0.949
0.946
0.945
0.944
0.934
0.929
0.927
0.929
0.92
0.92
0.912
0.905
0.905
0.904
0.904
0.901
0.906
0.895
0.895
0.891
0.888
0.885
0.884
0.883
0.877
0.877
0.875
0.875
0.874
0.871
0.871
0.871
0.867
0.867
0.867
0.86
0.86
0.857
0.856
0.856
0.855
0.853
0.848
0.84
0.84
0.84
0.841
0.841
0.841
0.835
0.827
0.825
0.825
0.825
0.82
0.826
0.826
0.821
0.819
0.819
0.818
0.818
0.816
0.814
0.81
0.808
0.805
0.802
0.801
0.801
0.801
0.801
0.8
0.8
0.796
0.792
0.79
0.79
0.79
0.794
0.794
0.799
0.799
0.794
0.791
0.791
0.79
0.788
0.785
0.78
0.785
0.78
0.785
0.779
0.786
0.784
0.786
0.784
0.784
0.78
0.774
0.774
0.774
0.774
0.774
0.774
0.773
0.773
0.773
0.774
0.774
0.774
0.773
0.768
0.766
0.766
0.764
0.766
0.767
0.767
0.769
0.769
0.769
0.767
0.767
0.767
0.766
0.766
0.767
0.767
0.766
0.764
0.758
0.758
0.755
0.758
0.759
0.761
0.761
0.762
0.763
0.763
0.763
0.763
0.759
0.759
0.759
0.759
0.761
0.761
0.757
0.756
0.756
0.756
0.756
0.756
0.756
0.756
0.758
0.755
0.756
0.757
0.757
0.757
0.763
0.765
0.765
0.765
0.765
0.765
0.765
0.765
0.768
0.765
0.768
0.771
0.771
0.771
0.773
0.771
0.768
0.768
0.768
0.768
0.768
0.768
0.768
0.77
0.771
0.77
0.771
0.771
0.771
0.771
0.772
0.777
0.78
0.78
0.778
0.777
0.778
0.778
0.778
0.784
0.785
0.788
0.788
0.788
0.788
0.789
0.788
0.789
0.789
0.789
0.789
0.79
0.791
0.792
0.792
0.793
0.796
0.8
0.804
0.804
0.804
0.803
0.804
0.804
0.804
0.81
0.81
0.81
0.808
0.808
0.808
0.814
0.818
0.818
0.814
0.814
0.812
0.801
0.753
0.65
0.494
0.392
0.339
0.297
0.295
0.289
0.288
0.286
0.286
0.285
0.283
0.285
0.283
0.283
0.29
0.29
0.287
0.289
0.287
0.287
0.289
0.289
0.297
0.297
0.297
0.3
0.3
0.3
0.3
0.302
0.302
0.303
0.303
0.303
0.303
0.3
0.3
0.3
0.3
0.302
0.309
0.31
0.31
0.31
0.31
0.31
0.31
0.312
0.316
0.319
0.319
0.324
0.324
0.319
0.322
0.324
0.327
0.327
0.327
0.329
0.33
0.332
0.332
0.332
0.339
0.34
0.339
0.339
0.337
0.337
0.337
0.338
0.341
0.348
0.349
0.349
0.349
0.349
0.349
0.35
0.353
0.354
0.356
0.356
0.367
0.367
0.367
0.369
0.37
0.374
0.377
0.377
0.377
0.38
0.38
0.382
0.386
0.388
0.39
0.393
0.393
0.393
0.393
0.402
0.402
0.405
0.413
0.413
0.413
0.413
0.414
0.419
0.423
0.423
0.427
0.428
0.43
0.436
0.436
0.439
0.44
0.449
0.45
0.457
0.462
0.462
0.461
0.458
0.458
0.456
0.456
0.452
0.446
0.441
0.439
0.439
0.435
0.431
0.429
0.429
0.429
0.434
0.435
0.436
0.435
0.434
0.43
0.429
0.427
0.422
0.422
0.419
0.419
0.416
0.416
0.416
0.419
0.422
0.422
0.419
0.418
0.418
0.418
0.418
0.418
0.414
0.414
0.412
0.412
0.419
0.419
0.412
0.408
0.405
0.405
0.404
0.408
0.407
0.407
0.403
0.403
0.401
0.4
0.4
0.4
0.396
0.396
0.396
0.393
0.39
0.39
0.39
0.392
0.395
0.395
0.395
0.398
0.398
0.391
0.393
0.395
0.393
0.393
0.393
0.393
0.39
0.39
0.39
0.388
0.385
0.385
0.388
0.388
0.386
0.388
0.391
0.388
0.388
0.389
0.388
0.388
0.384
0.384
0.383
0.383
0.382
0.382
0.382
0.382
0.382
0.382
0.382
0.38
0.378
0.376
0.374
0.374
0.374
0.375
0.378
0.383
0.383
0.378
0.378
0.375
0.374
0.374
0.374
0.374
0.374
0.375
0.375
0.375
0.377
0.377
0.379
0.379
0.378
0.377
0.378
0.377
0.377
0.377
0.379
0.38
0.381
0.38
0.38
0.381
0.373
0.373
0.381
0.381
0.37
0.381
0.376
0.37
0.376
0.376
0.374
0.374
0.374
0.374
0.375
0.375
0.375
0.374
0.374
0.374
0.374
0.378
0.378
0.378
0.379
0.387
0.387
0.387
0.387
0.385
0.385
0.382
0.377
0.377
0.381
0.381
0.382
0.382
0.382
0.382
0.382
0.38
0.384
0.384
0.384
0.384
0.384
0.381
