0.79
0.793
0.797
0.798
0.803
0.807
0.81
0.823
0.825
0.826
0.827
0.828
0.834
0.836
0.837
0.838
0.846
0.86
0.861
0.863
0.867
0.87
0.876
0.876
0.881
0.894
0.895
0.904
0.905
0.918
0.923
0.925
0.931
0.934
0.942
0.943
0.955
0.956
0.96
0.971
0.977
0.985
0.989
0.997
0.999
1.015
1.016
1.029
1.036
1.038
1.043
1.054
1.057
1.072
1.082
1.085
1.089
1.094
1.094
1.089
1.088
1.087
1.085
1.082
1.073
1.073
1.071
1.068
1.068
1.068
1.065
1.062
1.062
1.062
1.061
1.056
1.056
1.056
1.053
1.044
1.043
1.043
1.043
1.042
1.042
1.039
1.039
1.036
1.036
1.036
1.033
1.03
1.025
1.023
1.019
1.013
1.013
1.008
0.987
0.97
0.902
0.844
0.777
0.777
0.621
0.407
0.396
0.37
0.339
0.302
0.26
0.242
0.242
0.242
0.241
0.243
0.243
0.239
0.239
0.247
0.245
0.249
0.255
0.258
0.264
0.268
0.298
0.342
0.363
0.372
0.384
0.384
0.384
0.374
0.374
0.374
0.374
0.388
0.396
0.408
0.423
0.432
0.454
0.465
0.477
0.477
0.477
0.474
0.474
0.474
0.475
0.48
0.48
0.48
0.48
0.48
0.481
0.482
0.482
0.476
0.476
0.471
0.471
0.474
0.474
0.475
0.475
0.475
0.475
0.473
0.473
0.478
0.475
0.48
0.48
0.48
0.479
0.481
0.48
0.481
0.481
0.482
0.482
0.482
0.481
0.482
0.482
0.483
0.488
0.488
0.488
0.483
0.483
0.482
0.482
0.482
0.482
0.48
0.48
0.481
0.481
0.485
0.485
0.482
0.485
0.485
0.483
0.489
0.489
0.493
0.493
0.493
0.493
0.493
0.493
0.493
0.491
0.496
0.496
0.493
0.493
0.496
0.493
0.493
0.497
0.497
0.498
0.498
0.5
0.5
0.498
0.498
0.5
0.498
0.508
0.508
0.505
0.505
0.506
0.505
0.506
0.508
0.508
0.508
0.51
0.511
0.508
0.511
0.511
0.511
0.511
0.514
0.514
0.515
0.515
0.519
0.521
0.523
0.524
0.524
0.526
0.529
0.53
0.534
0.535
0.535
0.539
0.54
0.539
0.539
0.537
0.537
0.537
0.542
0.543
0.544
0.551
0.552
0.552
0.552
0.552
0.553
0.552
0.552
0.552
0.55
0.548
0.542
0.524
0.48
0.419
0.377
0.337
0.308
0.305
0.301
0.299
0.299
0.289
0.287
0.287
0.286
0.285
0.285
0.281
0.278
0.278
0.281
0.281
0.276
0.276
0.274
0.273
0.274
0.274
0.277
0.277
0.277
0.273
0.273
0.273
0.273
0.269
0.269
0.269
0.265
0.265
0.265
0.263
0.263
0.263
0.268
0.275
0.275
0.275
0.273
0.273
0.273
0.27
0.27
0.27
0.267
0.267
0.267
0.27
0.272
0.276
0.279
0.279
0.279
0.276
0.276
0.276
0.279
0.279
0.28
0.285
0.285
0.286
0.286
0.286
0.288
0.291
0.292
0.295
0.304
0.314
0.315
0.317
0.4
0.5
0.576
0.595
0.595
0.596
0.596
0.596
0.596
0.596
0.595
0.595
0.586
0.585
0.584
0.581
0.58
0.572
0.532
0.511
0.511
0.511
0.51
0.515
0.515
0.513
0.513
0.515
0.544
0.554
0.554
0.555
0.555
0.555
0.555
0.555
0.55
0.545
0.544
0.544
0.544
0.544
0.544
0.539
0.537
0.537
0.537
0.537
0.534
0.534
0.533
0.532
0.532
0.532
0.53
0.529
0.527
0.526
0.519
0.517
0.517
0.514
0.514
0.514
0.514
0.514
0.509
0.509
0.507
0.505
0.506
0.506
0.505
0.506
0.506
0.503
0.501
0.501
0.501
0.501
0.5
0.499
0.497
0.497
0.496
0.496
0.494
0.493
0.492
0.491
0.492
0.492
0.494
0.494
0.494
0.489
0.489
0.486
0.486
0.487
0.491
0.487
0.487
0.482
0.482
0.481
0.482
0.483
0.483
0.48
0.48
0.48
0.48
0.48
0.476
0.475
0.475
0.466
0.464
0.464
0.463
0.464
0.464
0.467
0.463
0.467
0.471
0.472
0.472
0.472
0.468
0.465
0.465
0.464
0.464
0.465
0.464
0.464
0.462
0.462
0.46
0.46
0.46
0.46
0.461
0.463
0.461
0.461
0.463
0.463
0.463
0.464
0.466
0.467
0.467
0.467
0.467
0.467
0.464
0.464
0.467
0.467
0.47
0.47
0.47
0.466
0.461
0.461
0.464
0.464
0.464
0.464
0.464
0.464
0.464
0.461
0.461
0.461
0.458
0.458
0.458
0.461
0.464
0.464
0.464
0.464
0.464
0.466
0.466
0.467
0.47
0.467
0.466
0.47
0.466
0.462
0.462
0.47
0.468
0.47
0.47
0.468
0.459
0.458
0.458
0.458
0.46
0.462
0.468
0.468
0.468
0.465
0.465
0.465
0.473
0.473
0.473
0.47
0.47
0.47
0.472
0.473
0.473
0.478
0.478
0.478
0.48
0.48
0.48
0.48
0.48
0.479
0.479
0.478
0.478
0.479
0.479
0.485
0.485
0.485
0.485
0.485
0.487
0.487
0.489
0.489
0.493
0.49
0.493
0.494
0.494
0.494
0.498
0.498
0.499
0.503
0.503
0.503
0.495
0.495
0.495
0.504
0.509
0.509
0.509
0.506
0.504
0.504
0.504
0.508
0.513
0.517
0.517
0.52
0.524
0.525
0.524
0.524
0.521
0.518
0.518
0.518
0.513
0.508
0.506
0.502
0.488
0.485
0.482
0.47
0.47
0.468
0.468
0.467
0.465
0.462
0.462
0.454
0.447
0.443
0.443
0.443
0.443
0.441
0.441
0.439
0.437
0.431
0.427
0.426
0.415
0.415
0.416
0.416
0.415
0.413
0.405
0.405
0.4
0.4
0.39
0.389
0.389
0.387
0.386
0.385
0.383
0.379
0.377
0.377
0.374
0.374
0.372
0.372
0.372
0.363
0.36
0.36
0.359
0.359
0.353
0.352
0.352
0.349
0.349
0.349
0.349
0.349
0.349
0.344
0.344
0.341
0.339
0.339
0.339
0.339
0.338
0.337
0.337
0.334
0.334
0.333
0.33
0.322
0.322
0.321
0.322
0.317
0.322
0.317
0.317
0.316
0.312
0.312
0.313
0.313
0.312
0.307
0.307
0.307
0.306
0.301
0.3
0.3
0.301
0.301
0.301
0.301
0.301
0.301
0.302
0.3
0.3
0.3
0.294
0.292
0.292
0.29
0.292
0.291
0.292
0.291
0.292
0.291
0.286
0.286
0.286
0.286
0.281
0.281
0.278
0.278
0.276
0.274
0.274
0.276
0.275
0.276
0.278
0.278
0.275
0.273
0.273
0.273
0.275
0.275
0.275
0.268
0.268
0.268
0.269
0.269
0.269
0.264
0.264
0.264
0.264
0.266
0.267
0.267
0.264
0.267
0.263
0.262
0.262
0.263
0.263
0.262
0.262
0.263
0.262
0.26
0.261
0.262
0.261
0.261
0.261
0.263
0.263
0.263
0.261
0.262
0.261
0.26
0.26
0.258
0.257
0.257
0.257
0.257
0.257
0.257
0.257
0.258
0.255
0.255
0.258
0.263
0.262
0.262
0.262
0.262
0.257
0.257
0.259
0.259
0.257
0.257
0.256
0.256
0.252
0.255
0.255
0.255
0.255
0.255
0.255
0.255
0.257
0.255
0.254
0.255
0.254
0.254
0.257
0.257
0.256
0.256
0.256
0.256
0.256
0.251
0.25
0.25
0.245
0.25
0.256
0.256
0.255
0.255
0.252
0.252
0.251
0.251
0.252
0.251
0.25
0.25
0.25
0.25
0.253
0.253
0.255
0.253
0.251
0.251
0.251
0.251
0.253
0.259
0.259
0.259
0.259
0.258
0.258
0.255
0.258
0.258
0.258
0.255
0.255
0.252
0.252
0.252
0.252
0.254
0.259
0.26
0.259
0.254
0.256
0.254
0.254
0.256
0.256
0.259
0.259
0.259
0.259
0.26
0.26
0.263
0.264
0.264
0.264
0.264
0.266
0.266
0.284
0.313
0.33
0.344
0.38
0.452
0.616
0.686
0.713
0.731
0.738
0.742
0.744
0.744
0.747
0.748
0.749
0.753
0.754
0.753
0.752
0.754
0.754
0.754
0.76
0.76
0.768
0.76
0.768
0.768
0.768
0.768
0.769
0.77
0.77
0.773
0.774
0.776
0.779
0.778
0.779
0.781
0.784
0.784
0.79
0.791
0.791
0.792
0.793
0.794
0.794
0.794
0.8
0.8
0.8
0.805
0.805
0.811
0.814
0.816
0.816
0.816
0.816
0.816
0.823
0.823
0.823
0.825
0.823
0.823
0.835
0.837
0.837
0.838
0.839
0.837
0.839
0.84
0.852
0.852
0.858
0.862
0.862
0.863
0.863
0.863
0.866
0.869
0.869
0.871
0.871
0.881
0.881
0.889
0.892
0.893
0.896
0.896
0.897
0.899
0.899
0.899
0.895
0.89
0.884
0.883
0.873
0.869
0.867
0.859
0.855
0.85
0.849
0.836
0.835
0.832
0.832
0.829
0.824
0.818
0.815
0.813
0.807
0.804
0.804
0.791
0.789
0.786
0.785
0.783
0.779
0.777
0.776
