0.378
0.382
0.387
0.387
0.387
0.387
0.392
0.392
0.393
0.393
0.393
0.384
0.382
0.382
0.38
0.384
0.38
0.386
0.38
0.381
0.38
0.38
0.38
0.38
0.38
0.38
0.381
0.38
0.38
0.38
0.38
0.378
0.375
0.373
0.373
0.37
0.373
0.373
0.374
0.374
0.374
0.371
0.371
0.371
0.371
0.374
0.374
0.376
0.374
0.374
0.373
0.373
0.373
0.367
0.367
0.367
0.367
0.373
0.373
0.373
0.373
0.373
0.373
0.373
0.373
0.373
0.373
0.372
0.372
0.372
0.372
0.371
0.37
0.37
0.37
0.37
0.372
0.372
0.372
0.369
0.37
0.37
0.369
0.37
0.374
0.374
0.374
0.374
0.373
0.369
0.369
0.367
0.369
0.37
0.37
0.37
0.37
0.37
0.37
0.37
0.37
0.366
0.372
0.372
0.372
0.37
0.372
0.372
0.374
0.374
0.374
0.374
0.372
0.372
0.374
0.374
0.373
0.374
0.374
0.376
0.376
0.376
0.376
0.377
0.373
0.377
0.373
0.376
0.376
0.378
0.383
0.383
0.383
0.382
0.381
0.381
0.382
0.382
0.381
0.382
0.38
0.38
0.38
0.38
0.38
0.38
0.38
0.385
0.385
0.385
0.388
0.388
0.386
0.388
0.391
0.391
0.397
0.397
0.393
0.393
0.397
0.4
0.4
0.4
0.4
0.396
0.396
0.398
0.398
0.398
0.399
0.4
0.4
0.403
0.403
0.403
0.407
0.408
0.41
0.41
0.41
0.407
0.407
0.407
0.418
0.419
0.419
0.419
0.42
0.42
0.418
0.418
0.418
0.418
0.418
0.423
0.423
0.423
0.423
0.425
0.427
0.431
0.433
0.433
0.431
0.433
0.433
0.429
0.436
0.437
0.442
0.442
0.445
0.445
0.446
0.447
0.45
0.454
0.456
0.469
0.499
0.55
0.838
0.955
1
1.022
1.043
1.049
1.061
1.062
1.064
1.065
1.066
1.067
1.067
1.079
1.082
1.082
1.082
1.082
1.097
1.105
1.107
1.109
1.11
1.116
1.118
1.118
1.116
1.1
1.1
1.094
1.088
1.087
1.087
1.08
1.074
1.071
1.062
1.06
1.059
1.058
1.058
1.038
1.028
1.028
1.028
1.023
1.022
1.021
1.016
1.013
1.008
1.007
0.999
0.996
0.995
0.988
0.984
0.984
0.981
0.978
0.972
0.971
0.967
0.963
0.962
0.957
0.955
0.948
0.943
0.943
0.943
0.943
0.941
0.937
0.931
0.929
0.925
0.925
0.924
0.924
0.917
0.917
0.912
0.912
0.912
0.911
0.91
0.898
0.893
0.892
0.891
0.891
0.89
0.885
0.88
0.879
0.879
0.879
0.879
0.879
0.877
0.873
0.873
0.868
0.873
0.868
0.868
0.856
0.854
0.852
0.852
0.849
0.846
0.846
0.844
0.841
0.839
0.832
0.832
0.832
0.837
0.837
0.837
0.831
0.828
0.823
0.823
0.823
0.823
0.827
0.827
0.823
0.826
0.823
0.816
0.814
0.816
0.813
0.807
0.806
0.805
0.805
0.805
0.805
0.807
0.807
0.804
0.803
0.802
0.801
0.8
0.794
0.794
0.79
0.793
0.79
0.79
0.79
0.789
0.789
0.792
0.793
0.79
0.789
0.789
0.785
0.785
0.789
0.78
0.78
0.78
0.778
0.778
0.778
0.777
0.776
0.773
0.773
0.773
0.772
0.774
0.774
0.774
0.773
0.778
0.773
0.773
0.773
0.771
0.771
0.771
0.767
0.768
0.767
0.766
0.765
0.765
0.757
0.757
0.757
0.757
0.761
0.762
0.766
0.766
0.762
0.765
0.762
0.762
0.761
0.76
0.754
0.752
0.751
0.751
0.75
0.749
0.749
0.749
0.749
0.749
0.749
0.747
0.745
0.745
0.751
0.746
0.751
0.754
0.762
0.762
0.762
0.754
0.754
0.754
0.757
0.76
0.761
0.761
0.761
0.762
0.762
0.761
0.762
0.762
0.762
0.762
0.762
0.762
0.763
0.764
0.765
0.765
0.765
0.765
0.765
0.765
0.769
0.772
0.772
0.773
0.773
0.769
0.769
0.769
0.769
0.764
0.769
0.769
0.769
0.772
0.772
0.772
0.779
0.779
0.777
0.779
0.779
0.778
0.779
0.781
0.781
0.779
0.781
0.781
0.783
0.783
0.788
0.788
0.788
0.787
0.786
0.786
0.787
0.788
0.793
0.799
0.799
0.799
0.8
0.8
0.8
0.8
0.8
0.804
0.8
0.796
0.787
0.767
0.725
0.421
0.348
0.299
0.288
0.285
0.283
0.283
0.279
0.279
0.279
0.28
0.281
0.282
0.282
0.284
0.284
0.284
0.284
0.286
0.293
0.294
0.295
0.297
0.297
0.297
0.297
0.297
0.3
0.295
0.3
0.3
0.294
0.294
0.294
0.294
0.3
0.302
0.303
0.307
0.307
0.305
0.305
0.305
0.305
0.305
0.309
0.314
0.318
0.316
0.316
0.319
0.316
0.316
0.319
0.322
0.322
0.322
0.323
0.323
0.323
0.323
0.328
0.328
0.324
0.328
0.328
0.335
0.336
0.341
0.342
0.344
0.344
0.345
0.345
0.345
0.351
0.353
0.36
0.36
0.36
0.36
0.358
0.358
0.362
0.364
0.367
0.367
0.367
0.367
0.369
0.37
0.372
0.373
0.379
0.379
0.379
0.379
0.392
0.392
0.393
0.4
0.405
0.405
0.405
0.405
0.405
0.411
0.412
0.415
0.417
0.417
0.42
0.421
0.423
0.424
0.428
0.433
0.433
0.439
0.446
0.447
0.46
0.46
0.461
0.46
0.465
0.458
0.455
0.455
0.455
0.455
0.461
0.461
0.461
0.445
0.441
0.434
0.434
0.434
0.435
0.437
0.437
0.437
0.435
0.429
0.428
0.428
0.429
0.431
0.433
0.433
0.434
0.431
0.43
0.424
0.424
0.424
0.427
0.427
0.427
0.427
0.423
0.42
0.42
0.423
0.419
0.419
0.419
0.419
0.417
0.411
0.408
0.411
0.411
0.412
0.412
0.412
0.411
0.41
0.406
0.405
0.405
0.403
0.403
0.405
0.401
0.401
0.403
0.403
0.403
0.403
0.401
0.4
0.399
0.398
0.399
0.398
0.398
0.395
0.393
0.39
0.389
0.389
0.389
0.388
0.388
0.384
0.384
0.389
0.389
0.387
0.387
0.384
0.383
0.383
0.383
0.387
0.39
0.39
0.39
0.389
0.387
0.387
0.387
0.387
0.387
0.386
0.383
0.383
0.382
0.381
0.381
0.38
0.381
0.381
0.381
0.381
0.381
0.381
0.384
0.384
0.384
0.393
0.393
0.382
0.382
0.384
0.381
0.382
0.384
0.384
0.382
0.382
0.381
0.377
0.377
0.377
0.377
0.378
0.378
0.378
0.378
0.378
0.378
0.378
0.381
0.383
0.383
0.379
0.384
0.379
0.379
0.379
0.38
0.379
0.379
0.379
0.38
0.381
0.384
0.386
0.385
0.386
0.386
0.387
0.387
0.387
0.381
0.379
0.379
0.379
0.379
0.379
0.379
0.379
0.379
0.381
0.382
0.382
0.379
0.382
0.382
0.379
0.379
0.38
0.379
0.379
0.38
0.384
0.384
0.384
0.381
0.38
0.38
0.38
0.388
0.389
0.389
0.389
0.396
0.389
0.396
0.397
0.396
0.397
0.397
0.397
0.396
0.396
0.393
0.393
0.393
0.399
0.399
0.401
0.399
0.399
0.399
0.401
0.397
0.402
0.404
0.407
0.407
0.407
0.403
0.403
0.403
0.406
0.407
0.407
0.407
0.405
0.405
0.405
0.405
0.407
0.412
0.414
0.414
0.419
0.419
0.419
0.421
0.421
0.421
0.42
0.42
0.42
0.42
0.426
0.426
0.426
0.426
0.421
0.421
0.426
0.429
0.432
0.436
0.436
0.436
0.431
0.431
0.431
0.435
0.435
0.441
0.441
0.441
0.443
0.446
0.451
0.451
0.454
0.456
0.454
0.454
0.457
0.457
0.455
0.461
0.461
0.461
0.465
0.467
0.467
0.467
0.461
0.457
0.451
0.446
0.446
0.443
0.441
0.439
0.438
0.438
0.437
0.438
0.438
0.434
0.427
0.415
0.411
0.411
0.408
0.4
0.396
0.395
0.395
0.396
0.395
0.395
0.394
0.394
0.391
0.39
0.386
0.384
0.374
0.374
0.374
0.374
0.378
0.378
0.378
0.375
0.372
0.372
0.365
0.37
0.37
0.37
0.365
0.362
0.358
0.356
0.356
0.355
0.353
0.349
0.349
0.349
0.348
0.349
0.349
0.345
0.34
0.341
0.338
0.334
0.334
0.333
0.332
0.331
0.327
0.327
0.321
0.321
0.325
0.318
0.325
0.325
0.32
0.32
0.32
0.32
0.319
0.32
0.319
0.319
0.319
0.319
0.313
0.311
0.309
0.308
0.308
0.308
0.308
0.305
0.302
0.302
0.303
0.303
0.301
0.301
0.301
0.3
0.301
0.304
0.304
0.302
0.302
0.298
0.296
0.298
0.294
0.293
0.293
0.296
0.292
0.29
0.294
0.294
0.29
0.294
0.294
0.292
0.288
0.288
0.284
0.283
0.281
0.281
0.281
0.281
0.281
0.28
0.278
0.278
0.278
0.282
0.282
0.282
0.282
0.279
