0.383
0.383
0.383
0.381
0.381
0.381
0.382
0.382
0.382
0.385
0.385
0.379
0.385
0.389
0.389
0.389
0.392
0.392
0.392
0.392
0.391
0.391
0.391
0.39
0.39
0.386
0.386
0.386
0.391
0.392
0.392
0.392
0.394
0.402
0.402
0.404
0.402
0.399
0.396
0.399
0.399
0.407
0.407
0.408
0.409
0.411
0.414
0.414
0.415
0.412
0.415
0.413
0.414
0.414
0.414
0.414
0.417
0.418
0.418
0.42
0.42
0.421
0.421
0.421
0.425
0.426
0.427
0.428
0.432
0.433
0.436
0.438
0.441
0.442
0.442
0.442
0.444
0.444
0.442
0.442
0.442
0.442
0.463
0.486
0.513
0.728
0.943
0.989
1.017
1.032
1.041
1.051
1.054
1.055
1.059
1.061
1.065
1.072
1.074
1.079
1.085
1.086
1.089
1.09
1.092
1.101
1.103
1.113
1.114
1.117
1.117
1.115
1.115
1.109
1.09
1.086
1.086
1.084
1.082
1.077
1.067
1.066
1.065
1.053
1.051
1.045
1.043
1.043
1.043
1.036
1.036
1.02
1.016
1.014
1.011
1.005
1.005
1.001
0.994
0.994
0.994
0.993
0.992
0.988
0.978
0.974
0.971
0.965
0.963
0.962
0.96
0.955
0.949
0.947
0.947
0.942
0.938
0.937
0.932
0.929
0.929
0.928
0.928
0.928
0.92
0.914
0.911
0.91
0.909
0.909
0.908
0.906
0.902
0.896
0.893
0.893
0.893
0.893
0.882
0.881
0.879
0.879
0.876
0.876
0.875
0.872
0.869
0.869
0.862
0.862
0.862
0.861
0.861
0.857
0.857
0.851
0.846
0.845
0.845
0.843
0.841
0.835
0.835
0.834
0.833
0.834
0.834
0.831
0.831
0.832
0.831
0.832
0.832
0.831
0.821
0.821
0.821
0.819
0.819
0.819
0.814
0.809
0.809
0.809
0.809
0.809
0.818
0.818
0.809
0.809
0.809
0.806
0.804
0.804
0.804
0.801
0.8
0.799
0.795
0.79
0.79
0.79
0.79
0.791
0.791
0.791
0.79
0.785
0.785
0.784
0.785
0.782
0.782
0.775
0.775
0.775
0.775
0.777
0.777
0.777
0.773
0.773
0.773
0.773
0.773
0.773
0.767
0.765
0.765
0.767
0.768
0.771
0.771
0.771
0.769
0.77
0.77
0.77
0.77
0.77
0.769
0.764
0.76
0.76
0.758
0.758
0.758
0.758
0.764
0.764
0.764
0.764
0.756
0.756
0.759
0.759
0.759
0.759
0.759
0.759
0.759
0.759
0.759
0.759
0.76
0.759
0.759
0.759
0.757
0.757
0.761
0.761
0.761
0.761
0.761
0.761
0.76
0.762
0.763
0.762
0.767
0.767
0.767
0.763
0.767
0.766
0.77
0.769
0.77
0.769
0.77
0.771
0.771
0.771
0.771
0.771
0.771
0.772
0.773
0.773
0.775
0.777
0.777
0.777
0.778
0.78
0.78
0.78
0.78
0.779
0.779
0.778
0.778
0.779
0.78
0.78
0.783
0.784
0.787
0.787
0.787
0.792
0.792
0.787
0.792
0.792
0.793
0.794
0.794
0.794
0.801
0.801
0.801
0.801
0.796
0.796
0.803
0.803
0.804
0.804
0.804
0.804
0.807
0.809
0.814
0.814
0.809
0.814
0.812
0.809
0.808
0.808
0.807
0.798
0.766
0.598
0.386
0.353
0.325
0.296
0.285
0.285
0.285
0.289
0.289
0.291
0.291
0.287
0.285
0.287
0.287
0.289
0.289
0.289
0.289
0.289
0.289
0.294
0.294
0.295
0.295
0.295
0.301
0.305
0.305
0.306
0.306
0.305
0.304
0.304
0.301
0.301
0.301
0.306
0.309
0.309
0.312
0.311
0.311
0.312
0.312
0.314
0.315
0.315
0.315
0.317
0.318
0.323
0.323
0.323
0.324
0.328
0.326
0.328
0.328
0.328
0.326
0.334
0.334
0.334
0.335
0.335
0.337
0.338
0.338
0.338
0.345
0.338
0.338
0.343
0.344
0.343
0.344
0.348
0.348
0.354
0.358
0.361
0.363
0.364
0.363
0.364
0.365
0.371
0.371
0.372
0.372
0.372
0.375
0.38
0.383
0.386
0.386
0.383
0.383
0.384
0.384
0.384
0.394
0.394
0.395
0.395
0.4
0.401
0.409
0.415
0.419
0.42
0.424
0.424
0.424
0.426
0.426
0.432
0.436
0.439
0.44
0.443
0.443
0.455
0.455
0.456
0.456
0.454
0.446
0.443
0.442
0.442
0.443
0.443
0.438
0.437
0.437
0.437
0.437
0.424
0.424
0.424
0.431
0.431
0.431
0.431
0.423
0.423
0.423
0.428
0.428
0.428
0.422
0.422
0.42
0.42
0.419
0.418
0.418
0.418
0.418
0.417
0.417
0.417
0.416
0.416
0.413
0.413
0.411
0.413
0.414
0.414
0.41
0.41
0.406
0.404
0.404
0.406
0.406
0.404
0.407
0.4
0.4
0.406
0.406
0.406
0.406
0.403
0.403
0.402
0.4
0.4
0.397
0.396
0.396
0.395
0.395
0.393
0.393
0.393
0.393
0.392
0.385
0.385
0.385
0.392
0.392
0.392
0.39
0.386
0.386
0.385
0.39
0.387
0.387
0.385
0.385
0.385
0.385
0.39
0.392
0.392
0.392
0.387
0.384
0.384
0.38
0.38
0.381
0.382
0.382
0.387
0.387
0.39
0.387
0.387
0.387
0.385
0.385
0.386
0.385
0.385
0.385
0.385
0.385
0.385
0.385
0.385
0.389
0.389
0.385
0.385
0.384
0.38
0.38
0.38
0.383
0.384
0.387
0.387
0.384
0.383
0.382
0.382
0.383
0.386
0.388
0.388
0.388
0.388
0.385
0.382
0.385
0.385
0.385
0.382
0.382
0.382
0.388
0.388
0.388
0.388
0.383
0.383
0.382
0.383
0.383
0.385
0.385
0.385
0.389
0.389
0.389
0.386
0.386
0.378
0.378
0.378
0.382
0.386
0.386
0.384
0.387
0.387
0.387
0.39
0.39
0.39
0.392
0.393
0.39
0.391
0.391
0.391
0.388
0.391
0.388
0.391
0.394
0.398
0.398
0.398
0.391
0.391
0.391
0.391
0.393
0.398
0.398
0.398
0.395
0.395
0.395
0.398
0.398
0.398
0.397
0.392
0.392
0.392
0.396
0.397
0.4
0.402
0.4
0.402
0.402
0.402
0.408
0.41
0.408
0.41
0.416
0.423
0.416
0.423
0.423
0.417
0.414
0.417
0.417
0.417
0.422
0.427
0.427
0.427
0.427
0.425
0.425
0.425
0.425
0.426
0.425
0.427
0.43
0.434
0.435
0.436
0.437
0.438
0.439
0.44
0.446
0.446
0.444
0.445
0.445
0.445
0.445
0.445
0.445
0.444
0.444
0.444
0.457
0.458
0.458
0.459
0.459
0.459
0.459
0.46
0.465
0.465
0.466
0.472
0.467
0.472
0.472
0.467
0.457
0.455
0.451
0.449
0.446
0.443
0.439
0.435
0.435
0.424
0.421
0.421
0.421
0.424
0.421
0.42
0.418
0.416
0.407
0.405
0.401
0.393
0.393
0.393
0.396
0.396
0.396
0.392
0.386
0.383
0.383
0.385
0.386
0.385
0.385
0.38
0.38
0.38
0.381
0.381
0.381
0.371
0.371
0.369
0.369
0.369
0.368
0.364
0.364
0.358
0.357
0.355
0.351
0.351
0.35
0.349
0.345
0.345
0.343
0.341
0.336
0.336
0.336
0.337
0.337
0.338
0.338
0.334
0.329
0.329
0.329
0.331
0.331
0.331
0.331
0.331
0.328
0.32
0.32
0.32
0.319
0.318
0.318
0.316
0.318
0.318
0.31
0.31
0.312
0.312
0.313
0.313
0.312
0.312
0.312
0.311
0.312
0.306
0.312
0.309
0.309
0.308
0.308
0.306
0.301
0.301
0.301
0.298
0.298
0.298
0.298
0.298
0.299
0.3
0.3
0.299
0.294
0.292
0.29
0.29
0.29
0.29
0.285
0.286
0.285
0.285
0.285
0.285
0.285
0.287
0.287
0.289
0.289
0.289
0.289
0.289
0.289
0.286
0.286
0.286
0.283
0.281
0.281
0.281
0.281
0.28
0.28
0.28
0.28
0.28
0.28
0.28
0.28
0.277
0.279
0.279
0.281
0.28
0.281
0.281
0.281
0.28
0.278
0.275
0.275
0.275
0.275
0.273
0.273
0.28
0.275
0.275
0.279
0.275
0.275
0.272
0.272
0.272
0.275
0.275
0.275
0.276
0.276
0.277
0.274
0.274
0.274
0.274
0.274
0.269
0.263
0.263
0.263
0.265
0.265
0.267
0.267
0.267
0.267
0.267
0.27
0.27
0.27
0.27
0.269
0.269
0.269
0.267
0.265
0.264
0.263
0.262
0.262
0.262
0.267
0.268
0.268
0.267
0.266
0.264
0.263
0.262
0.263
0.263
0.263
0.269
0.269
0.269
0.269
0.268
0.268
0.268
0.268
0.268
0.268
0.263
0.263
0.263
0.27
0.263
0.264
0.263
0.264
0.264
0.265
0.265
0.269
0.269
0.27
0.27
0.27
0.267
0.265
0.265
0.267
0.269
0.269
0.275
0.275
0.277
0.277
0.271
0.267
0.271
0.267
0.267
0.268
0.269
0.269
0.269
0.268
0.273
0.268
0.267
