0.776
0.791
0.795
0.802
0.804
0.809
0.811
0.811
0.816
0.822
0.83
0.83
0.837
0.837
0.84
0.841
0.847
0.856
0.856
0.869
0.87
0.871
0.875
0.877
0.88
0.887
0.895
0.896
0.901
0.91
0.916
0.922
0.931
0.932
0.934
0.934
0.95
0.962
0.969
0.983
0.983
0.983
0.986
1
1.001
1.001
1.015
1.02
1.02
1.021
1.042
1.061
1.063
1.074
1.085
1.086
1.091
1.091
1.091
1.09
1.09
1.088
1.078
1.078
1.074
1.074
1.077
1.077
1.074
1.076
1.072
1.072
1.072
1.067
1.059
1.059
1.055
1.052
1.05
1.041
1.041
1.037
1.037
1.033
1.037
1.033
1.033
1.033
1.036
1.031
1.031
1.023
1.021
1.021
1.017
1.017
1.005
0.997
0.996
0.976
0.922
0.877
0.809
0.809
0.66
0.398
0.361
0.356
0.339
0.296
0.269
0.257
0.243
0.242
0.24
0.239
0.239
0.242
0.239
0.24
0.242
0.244
0.244
0.248
0.25
0.269
0.295
0.324
0.349
0.376
0.385
0.385
0.385
0.381
0.378
0.378
0.378
0.378
0.393
0.407
0.415
0.425
0.463
0.471
0.479
0.481
0.481
0.479
0.479
0.481
0.478
0.48
0.48
0.48
0.479
0.48
0.483
0.483
0.479
0.478
0.478
0.475
0.475
0.475
0.475
0.475
0.475
0.475
0.477
0.476
0.476
0.477
0.477
0.476
0.477
0.477
0.477
0.477
0.477
0.478
0.479
0.479
0.48
0.483
0.485
0.486
0.486
0.485
0.483
0.483
0.483
0.485
0.487
0.487
0.487
0.484
0.484
0.484
0.485
0.487
0.487
0.485
0.485
0.483
0.483
0.483
0.487
0.488
0.488
0.488
0.488
0.486
0.486
0.487
0.492
0.495
0.495
0.501
0.495
0.494
0.494
0.496
0.496
0.502
0.502
0.501
0.501
0.498
0.498
0.498
0.5
0.501
0.504
0.501
0.504
0.504
0.504
0.507
0.508
0.509
0.509
0.511
0.511
0.511
0.513
0.514
0.514
0.514
0.516
0.516
0.515
0.517
0.522
0.522
0.521
0.521
0.521
0.521
0.523
0.528
0.528
0.528
0.53
0.53
0.531
0.531
0.531
0.531
0.531
0.537
0.537
0.539
0.539
0.541
0.542
0.542
0.542
0.549
0.549
0.55
0.549
0.549
0.549
0.553
0.554
0.557
0.557
0.56
0.56
0.561
0.567
0.569
0.567
0.567
0.567
0.565
0.565
0.569
0.57
0.573
0.573
0.576
0.576
0.575
0.576
0.576
0.579
0.58
0.583
0.583
0.583
0.585
0.588
0.59
0.595
0.596
0.608
0.609
0.616
0.618
0.619
0.621
0.621
0.621
0.621
0.621
0.621
0.62
0.62
0.575
0.553
0.552
0.552
0.552
0.554
0.554
0.555
0.558
0.563
0.62
0.651
0.654
0.663
0.666
0.668
0.673
0.675
0.675
0.675
0.673
0.668
0.662
0.662
0.65
0.623
0.485
0.414
0.364
0.332
0.328
0.324
0.323
0.323
0.322
0.318
0.318
0.316
0.316
0.31
0.31
0.31
0.31
0.31
0.307
0.305
0.305
0.305
0.305
0.305
0.305
0.301
0.302
0.301
0.299
0.299
0.297
0.297
0.297
0.297
0.296
0.296
0.292
0.289
0.289
0.295
0.294
0.295
0.296
0.296
0.296
0.296
0.296
0.298
0.299
0.299
0.299
0.301
0.3
0.3
0.3
0.298
0.298
0.298
0.3
0.3
0.302
0.304
0.305
0.31
0.312
0.312
0.316
0.321
0.324
0.323
0.325
0.329
0.332
0.337
0.395
0.478
0.509
0.51
0.511
0.51
0.511
0.511
0.511
0.512
0.514
0.512
0.512
0.507
0.507
0.503
0.503
0.502
0.503
0.497
0.497
0.496
0.496
0.496
0.5
0.5
0.502
0.502
0.499
0.496
0.496
0.487
0.487
0.487
0.486
0.484
0.484
0.483
0.483
0.483
0.483
0.483
0.483
0.484
0.484
0.483
0.483
0.483
0.482
0.477
0.477
0.475
0.475
0.472
0.472
0.471
0.47
0.47
0.47
0.471
0.471
0.471
0.472
0.47
0.467
0.47
0.471
0.47
0.466
0.466
0.466
0.466
0.466
0.466
0.465
0.465
0.465
0.465
0.468
0.468
0.468
0.465
0.465
0.462
0.462
0.462
0.463
0.463
0.465
0.467
0.467
0.467
0.467
0.468
0.462
0.468
0.468
0.464
0.46
0.464
0.46
0.462
0.462
0.462
0.462
0.462
0.463
0.464
0.464
0.461
0.461
0.461
0.461
0.462
0.463
0.465
0.466
0.465
0.47
0.465
0.461
0.458
0.458
0.458
0.468
0.468
0.468
0.459
0.459
0.459
0.469
0.469
0.469
0.466
0.462
0.461
0.462
0.459
0.462
0.462
0.463
0.463
0.463
0.463
0.451
0.45
0.45
0.451
0.459
0.463
0.465
0.465
0.467
0.467
0.465
0.468
0.468
0.472
0.472
0.472
0.472
0.471
0.471
0.472
0.472
0.472
0.473
0.474
0.478
0.478
0.477
0.477
0.483
0.482
0.482
0.482
0.482
0.482
0.482
0.487
0.487
0.482
0.482
0.486
0.486
0.496
0.496
0.5
0.5
0.5
0.496
0.494
0.494
0.494
0.495
0.496
0.498
0.498
0.495
0.498
0.498
0.505
0.505
0.507
0.509
0.509
0.51
0.51
0.51
0.51
0.513
0.516
0.517
0.518
0.518
0.518
0.52
0.521
0.521
0.52
0.514
0.512
0.507
0.498
0.496
0.496
0.491
0.489
0.487
0.475
0.475
0.473
0.464
0.464
0.461
0.456
0.453
0.449
0.452
0.444
0.442
0.442
0.442
0.44
0.43
0.428
0.426
0.426
0.426
0.419
0.419
0.415
0.41
0.409
0.409
0.409
0.409
0.409
0.409
0.402
0.399
0.396
0.388
0.387
0.386
0.383
0.383
0.382
0.381
0.381
0.378
0.378
0.371
0.367
0.367
0.368
0.367
0.367
0.359
0.359
0.353
0.353
0.353
0.352
0.352
0.351
0.35
0.344
0.344
0.345
0.345
0.343
0.338
0.337
0.337
0.334
0.333
0.334
0.334
0.334
0.333
0.331
0.327
0.323
0.327
0.327
0.323
0.323
0.323
0.322
0.321
0.313
0.312
0.312
0.311
0.31
0.31
0.309
0.306
0.304
0.301
0.301
0.301
0.301
0.301
0.301
0.295
0.301
0.3
0.296
0.299
0.299
0.299
0.296
0.291
0.291
0.291
0.291
0.291
0.292
0.292
0.29
0.287
0.286
0.279
0.279
0.279
0.281
0.281
0.282
0.284
0.284
0.279
0.278
0.278
0.278
0.278
0.278
0.278
0.277
0.277
0.276
0.277
0.277
0.275
0.272
0.272
0.269
0.268
0.268
0.269
0.269
0.269
0.27
0.27
0.269
0.269
0.267
0.267
0.262
0.267
0.267
0.268
0.268
0.268
0.266
0.266
0.266
0.265
0.263
0.265
0.265
0.265
0.263
0.261
0.259
0.259
0.259
0.259
0.259
0.26
0.259
0.26
0.26
0.26
0.26
0.26
0.26
0.26
0.264
0.264
0.26
0.259
0.259
0.259
0.259
0.259
0.255
0.257
0.257
0.256
0.256
0.256
0.256
0.256
0.25
0.248
0.248
0.254
0.254
0.254
0.254
0.259
0.259
0.258
0.258
0.255
0.25
0.249
0.25
0.25
0.252
0.253
0.253
0.252
0.252
0.252
0.252
0.252
0.253
0.25
0.25
0.257
0.257
0.25
0.255
0.255
0.252
0.252
0.252
0.252
0.249
0.249
0.248
0.247
0.247
0.248
0.249
0.25
0.25
0.252
0.252
0.258
0.258
0.258
0.258
0.255
0.255
0.253
0.253
0.253
0.255
0.255
0.255
0.253
0.248
0.248
0.249
0.252
0.252
0.252
0.249
0.25
0.247
0.247
0.249
0.25
0.251
0.257
0.257
0.257
0.257
0.257
0.26
0.26
0.26
0.26
0.256
0.256
0.258
0.255
0.258
0.258
0.258
0.26
0.261
0.264
0.269
0.278
0.311
0.342
0.342
0.383
0.446
0.607
0.679
0.709
0.725
0.733
0.734
0.75
0.75
0.753
0.754
0.756
0.757
0.758
0.759
0.759
0.759
0.76
0.76
0.764
0.764
0.772
0.772
0.772
0.768
0.763
0.763
0.763
0.763
0.763
0.77
0.777
0.777
0.777
0.775
0.775
0.775
0.78
0.788
0.79
0.79
0.79
0.795
0.794
0.794
0.8
0.802
0.803
0.804
0.805
0.806
0.809
0.809
0.811
0.817
0.817
0.818
0.821
0.821
0.82
0.82
0.82
0.82
0.83
0.83
0.831
0.831
0.833
0.835
0.835
0.837
0.847
0.848
0.853
0.853
0.853
0.854
0.854
0.859
0.859
0.86
0.865
0.866
0.866
0.88
0.881
0.881
0.884
0.884
0.89
0.89
0.892
0.897
0.897
0.897
0.894
0.892
0.888
0.88
0.878
0.873
0.872
0.865
0.863
0.861
0.848
0.848
0.846
0.84
0.833
0.827
0.826
0.822
0.821
0.821
0.821
0.815
0.814
0.805
0.804
0.8
0.796
0.787
0.782
0.78
0.78
0.78
0.773
