0.271
0.271
0.271
0.271
0.27
0.27
0.27
0.27
0.27
0.27
0.267
0.267
0.265
0.265
0.267
0.272
0.272
0.272
0.271
0.267
0.265
0.267
0.265
0.265
0.263
0.271
0.27
0.27
0.26
0.257
0.257
0.257
0.257
0.26
0.26
0.261
0.261
0.261
0.26
0.26
0.26
0.26
0.26
0.26
0.262
0.262
0.264
0.264
0.27
0.264
0.264
0.264
0.265
0.265
0.266
0.265
0.265
0.264
0.264
0.264
0.264
0.264
0.264
0.264
0.263
0.264
0.265
0.265
0.264
0.264
0.259
0.258
0.258
0.258
0.258
0.259
0.26
0.26
0.261
0.261
0.262
0.262
0.264
0.262
0.264
0.266
0.266
0.262
0.263
0.263
0.263
0.263
0.263
0.264
0.269
0.264
0.262
0.263
0.263
0.263
0.266
0.267
0.269
0.269
0.269
0.27
0.265
0.265
0.267
0.267
0.267
0.267
0.268
0.268
0.268
0.271
0.271
0.274
0.274
0.274
0.275
0.275
0.275
0.278
0.278
0.278
0.278
0.279
0.279
0.279
0.279
0.279
0.279
0.281
0.281
0.281
0.287
0.281
0.278
0.279
0.278
0.278
0.279
0.284
0.284
0.288
0.284
0.285
0.285
0.289
0.285
0.285
0.276
0.276
0.276
0.281
0.283
0.283
0.286
0.286
0.289
0.289
0.294
0.294
0.294
0.299
0.299
0.292
0.293
0.289
0.289
0.292
0.292
0.292
0.292
0.292
0.292
0.293
0.293
0.299
0.301
0.301
0.301
0.303
0.304
0.307
0.304
0.307
0.31
0.311
0.311
0.311
0.312
0.312
0.312
0.312
0.312
0.311
0.311
0.311
0.312
0.317
0.317
0.319
0.321
0.327
0.327
0.329
0.331
0.331
0.331
0.332
0.333
0.333
0.335
0.335
0.335
0.335
0.335
0.338
0.338
0.342
0.342
0.342
0.342
0.346
0.347
0.352
0.352
0.352
0.352
0.357
0.357
0.357
0.357
0.357
0.357
0.36
0.36
0.364
0.367
0.375
0.38
0.38
0.38
0.38
0.38
0.385
0.385
0.385
0.388
0.39
0.39
0.393
0.393
0.397
0.399
0.399
0.399
0.4
0.406
0.4
0.406
0.406
0.407
0.415
0.416
0.418
0.418
0.419
0.423
0.427
0.429
0.438
0.441
0.446
0.45
0.45
0.458
0.46
0.461
0.461
0.46
0.457
0.455
0.454
0.454
0.45
0.447
0.447
0.443
0.443
0.447
0.447
0.443
0.434
0.432
0.432
0.434
0.439
0.439
0.439
0.428
0.427
0.427
0.421
0.419
0.419
0.417
0.419
0.417
0.419
0.417
0.417
0.412
0.411
0.411
0.411
0.411
0.411
0.411
0.411
0.408
0.401
0.401
0.407
0.401
0.4
0.407
0.407
0.4
0.4
0.405
0.398
0.398
0.399
0.403
0.399
0.399
0.397
0.393
0.392
0.392
0.392
0.39
0.39
0.39
0.39
0.389
0.389
0.389
0.387
0.387
0.389
0.389
0.389
0.39
0.39
0.384
0.384
0.384
0.383
0.382
0.382
0.386
0.386
0.386
0.386
0.386
0.386
0.385
0.381
0.386
0.385
0.381
0.385
0.385
0.383
0.379
0.383
0.383
0.379
0.384
0.384
0.383
0.379
0.382
0.381
0.382
0.381
0.381
0.381
0.376
0.376
0.376
0.378
0.376
0.372
0.372
0.373
0.373
0.373
0.374
0.376
0.376
0.376
0.376
0.371
0.371
0.374
0.374
0.374
0.374
0.371
0.369
0.369
0.371
0.379
0.379
0.379
0.38
0.385
0.379
0.378
0.378
0.378
0.374
0.373
0.373
0.368
0.368
0.367
0.368
0.37
0.376
0.376
0.376
0.375
0.374
0.374
0.374
0.374
0.374
0.381
0.381
0.374
0.374
0.374
0.373
0.373
0.373
0.376
0.376
0.376
0.376
0.376
0.376
0.38
0.381
0.381
0.381
0.381
0.374
0.374
0.374
0.374
0.374
0.374
0.374
0.379
0.383
0.383
0.387
0.387
0.387
0.385
0.385
0.384
0.384
0.384
0.384
0.387
0.387
0.387
0.387
0.383
0.383
0.383
0.389
0.389
0.389
0.391
0.391
0.389
0.388
0.388
0.388
0.389
0.39
0.39
0.397
0.397
0.39
0.395
0.393
0.39
0.393
0.395
0.397
0.398
0.398
0.398
0.397
0.397
0.397
0.401
0.404
0.405
0.404
0.407
0.407
0.407
0.401
0.405
0.401
0.401
0.405
0.407
0.412
0.412
0.412
0.412
0.416
0.416
0.417
0.417
0.416
0.416
0.417
0.423
0.423
0.426
0.431
0.431
0.431
0.431
0.431
0.43
0.43
0.431
0.431
0.431
0.432
0.435
0.436
0.436
0.439
0.439
0.44
0.449
0.449
0.451
0.468
0.518
0.801
0.923
0.965
1.013
1.021
1.025
1.04
1.04
1.043
1.054
1.061
1.061
1.062
1.062
1.062
1.067
1.081
1.081
1.087
1.095
1.097
1.097
1.098
1.11
1.11
1.11
1.107
1.105
1.1
1.097
1.093
1.086
1.081
1.079
1.073
1.07
1.056
1.054
1.053
1.052
1.051
1.051
1.048
1.043
1.035
1.028
1.028
1.026
1.012
1.011
1.009
1.004
1.002
1
0.993
0.991
0.988
0.988
0.984
0.976
0.973
0.973
0.966
0.965
0.96
0.959
0.955
0.95
0.949
0.942
0.942
0.942
0.938
0.935
0.931
0.93
0.928
0.921
0.921
0.921
0.92
0.92
0.913
0.911
0.909
0.906
0.903
0.898
0.895
0.894
0.894
0.891
0.889
0.889
0.889
0.886
0.884
0.883
0.883
0.883
0.878
0.878
0.869
0.869
0.868
0.867
0.859
0.859
0.859
0.858
0.855
0.853
0.853
0.849
0.849
0.853
0.851
0.849
0.843
0.838
0.838
0.838
0.838
0.837
0.836
0.835
0.835
0.832
0.83
0.826
0.826
0.826
0.826
0.826
0.821
0.817
0.817
0.815
0.814
0.814
0.807
0.807
0.806
0.805
0.804
0.803
0.8
0.8
0.798
0.798
0.798
0.8
0.798
0.797
0.797
0.8
0.797
0.797
0.796
0.792
0.792
0.792
0.784
0.784
0.784
0.784
0.781
0.786
0.786
0.786
0.784
0.784
0.781
0.779
0.778
0.778
0.778
0.778
0.778
0.778
0.776
0.768
0.767
0.767
0.767
0.769
0.769
0.773
0.773
0.773
0.768
0.772
0.769
0.769
0.769
0.769
0.761
0.761
0.753
0.753
0.753
0.757
0.757
0.76
0.763
0.768
0.768
0.769
0.768
0.762
0.756
0.756
0.756
0.756
0.756
0.756
0.756
0.752
0.752
0.755
0.755
0.755
0.758
0.758
0.76
0.762
0.762
0.761
0.762
0.761
0.761
0.761
0.763
0.763
0.764
0.767
0.767
0.764
0.764
0.766
0.766
0.77
0.77
0.77
0.771
0.771
0.767
0.771
0.771
0.772
0.772
0.773
0.773
0.773
0.773
0.769
0.769
0.769
0.771
0.771
0.778
0.773
0.773
0.773
0.777
0.777
0.78
0.78
0.78
0.785
0.787
0.787
0.787
0.787
0.786
0.786
0.786
0.791
0.791
0.793
0.793
0.794
0.792
0.794
0.798
0.798
0.798
0.798
0.798
0.798
0.806
0.801
0.806
0.806
0.808
0.812
0.812
0.812
0.812
0.817
0.812
0.814
0.817
0.817
0.814
0.814
0.809
0.798
0.739
0.585
0.472
0.408
0.371
0.312
0.301
0.297
0.294
0.293
0.29
0.29
0.289
0.287
0.289
0.291
0.291
0.291
0.293
0.298
0.298
0.293
0.298
0.298
0.298
0.294
0.298
0.301
0.302
0.302
0.302
0.302
0.297
0.297
0.297
0.302
0.305
0.305
0.307
0.306
0.307
0.306
0.307
0.313
0.313
0.313
0.314
0.314
0.32
0.32
0.321
0.322
0.325
0.323
0.325
0.325
0.328
0.328
0.328
0.327
0.327
0.327
0.329
0.332
0.335
0.335
0.338
0.337
0.338
0.338
0.342
0.339
0.339
0.339
0.339
0.339
0.35
0.351
0.351
0.351
0.351
0.357
0.362
0.362
0.366
0.372
0.374
0.374
0.375
0.374
0.375
0.375
0.376
0.38
0.38
0.385
0.388
0.385
0.387
0.39
0.39
0.402
0.402
0.402
0.403
0.408
0.408
0.408
0.408
0.41
0.42
0.42
0.42
0.421
0.421
0.43
0.43
0.433
0.434
0.434
0.434
0.437
0.443
0.454
0.455
0.461
0.461
0.461
0.461
0.46
0.456
0.453
0.45
0.447
0.445
0.445
0.445
0.441
0.44
0.439
0.437
0.437
0.437
0.437
0.437
0.434
0.432
0.431
0.43
0.43
0.426
0.425
0.423
0.423
0.419
0.419
0.416
0.416
0.416
0.423
0.416
0.415
0.415
0.416
0.412
0.409
0.409
0.409
0.408
0.408
0.408
0.41
0.41
0.41
0.41
0.41
0.405
0.405
0.405
0.405
0.405
0.405
0.402
0.402
0.402
0.4
0.4
0.4
0.404
0.4
0.397
0.397
0.397
0.392
0.389
0.389
0.392
0.389
0.391
0.391
0.389
0.389
0.391
0.392
0.392
0.392
0.385
0.385
