0.365
0.37
0.37
0.37
0.371
0.371
0.37
0.37
0.361
0.36
0.358
0.353
0.352
0.35
0.349
0.344
0.344
0.344
0.345
0.345
0.345
0.344
0.344
0.341
0.336
0.335
0.335
0.335
0.335
0.335
0.331
0.331
0.331
0.331
0.331
0.33
0.33
0.327
0.326
0.322
0.322
0.325
0.325
0.322
0.318
0.317
0.317
0.318
0.318
0.311
0.313
0.308
0.308
0.308
0.308
0.308
0.308
0.308
0.303
0.303
0.303
0.303
0.308
0.308
0.305
0.304
0.304
0.304
0.304
0.305
0.305
0.305
0.299
0.294
0.294
0.294
0.293
0.293
0.299
0.293
0.293
0.293
0.293
0.292
0.29
0.289
0.289
0.29
0.289
0.287
0.292
0.293
0.281
0.282
0.282
0.282
0.282
0.282
0.281
0.281
0.279
0.279
0.279
0.279
0.281
0.284
0.281
0.281
0.279
0.279
0.279
0.279
0.279
0.278
0.273
0.273
0.272
0.271
0.271
0.273
0.273
0.273
0.273
0.269
0.269
0.266
0.266
0.27
0.272
0.272
0.272
0.271
0.271
0.271
0.271
0.276
0.276
0.27
0.27
0.27
0.27
0.27
0.267
0.267
0.267
0.267
0.267
0.268
0.268
0.268
0.263
0.263
0.263
0.267
0.267
0.267
0.266
0.26
0.26
0.26
0.26
0.266
0.266
0.267
0.266
0.266
0.264
0.264
0.263
0.264
0.264
0.264
0.264
0.264
0.264
0.264
0.264
0.26
0.263
0.26
0.257
0.255
0.255
0.255
0.265
0.265
0.267
0.267
0.27
0.256
0.26
0.26
0.26
0.259
0.26
0.259
0.259
0.26
0.26
0.26
0.26
0.266
0.264
0.264
0.264
0.264
0.262
0.259
0.259
0.259
0.259
0.26
0.263
0.265
0.27
0.27
0.27
0.266
0.266
0.266
0.266
0.266
0.264
0.263
0.263
0.263
0.263
0.272
0.272
0.272
0.269
0.269
0.268
0.269
0.269
0.273
0.273
0.274
0.273
0.274
0.274
0.271
0.271
0.274
0.271
0.269
0.274
0.27
0.27
0.27
0.272
0.272
0.278
0.278
0.278
0.278
0.27
0.27
0.27
0.275
0.275
0.28
0.28
0.282
0.282
0.282
0.283
0.283
0.283
0.281
0.278
0.277
0.278
0.275
0.278
0.279
0.282
0.285
0.285
0.285
0.285
0.283
0.283
0.283
0.283
0.286
0.29
0.29
0.297
0.296
0.29
0.292
0.295
0.295
0.295
0.297
0.297
0.298
0.298
0.298
0.297
0.297
0.297
0.295
0.295
0.3
0.308
0.302
0.302
0.302
0.309
0.311
0.313
0.313
0.318
0.318
0.317
0.314
0.317
0.317
0.317
0.318
0.32
0.321
0.322
0.323
0.323
0.323
0.323
0.323
0.323
0.32
0.323
0.324
0.332
0.333
0.333
0.332
0.332
0.336
0.336
0.339
0.339
0.344
0.346
0.347
0.347
0.349
0.347
0.351
0.351
0.35
0.35
0.355
0.36
0.36
0.361
0.365
0.367
0.367
0.367
0.367
0.367
0.367
0.371
0.378
0.378
0.378
0.378
0.378
0.38
0.381
0.387
0.388
0.395
0.397
0.399
0.4
0.405
0.405
0.405
0.401
0.401
0.401
0.41
0.415
0.418
0.418
0.418
0.418
0.418
0.419
0.42
0.434
0.434
0.434
0.437
0.44
0.446
0.45
0.455
0.455
0.459
0.461
0.455
0.455
0.462
0.455
0.452
0.452
0.452
0.45
0.45
0.442
0.442
0.442
0.44
0.44
0.44
0.44
0.434
0.44
0.43
0.428
0.43
0.43
0.43
0.43
0.43
0.43
0.426
0.423
0.423
0.423
0.423
0.42
0.423
0.422
0.42
0.42
0.42
0.417
0.415
0.417
0.417
0.417
0.417
0.417
0.409
0.409
0.405
0.405
0.405
0.402
0.402
0.405
0.405
0.405
0.405
0.405
0.405
0.402
0.401
0.4
0.398
0.396
0.396
0.396
0.396
0.396
0.392
0.391
0.385
0.385
0.384
0.384
0.393
0.393
0.395
0.395
0.392
0.392
0.392
0.385
0.385
0.38
0.38
0.379
0.379
0.379
0.379
0.379
0.379
0.38
0.379
0.38
0.377
0.377
0.377
0.38
0.38
0.38
0.38
0.38
0.372
0.372
0.372
0.373
0.373
0.373
0.373
0.373
0.369
0.369
0.37
0.371
0.37
0.37
0.371
0.377
0.371
0.375
0.375
0.375
0.375
0.375
0.375
0.375
0.374
0.372
0.372
0.372
0.372
0.372
0.373
0.373
0.373
0.376
0.377
0.377
0.38
0.38
0.378
0.378
0.378
0.378
0.379
0.379
0.378
0.378
0.377
0.377
0.378
0.381
0.381
0.381
0.381
0.38
0.379
0.377
0.377
0.374
0.374
0.374
0.374
0.38
0.38
0.38
0.38
0.38
0.38
0.378
0.378
0.378
0.376
0.376
0.376
0.372
0.372
0.371
0.372
0.371
0.38
0.38
0.383
0.38
0.382
0.382
0.382
0.382
0.382
0.383
0.383
0.383
0.385
0.385
0.383
0.383
0.383
0.383
0.387
0.387
0.387
0.387
0.387
0.386
0.381
0.381
0.381
0.385
0.388
0.393
0.393
0.395
0.395
0.394
0.394
0.395
0.394
0.395
0.395
0.395
0.395
0.396
0.396
0.396
0.396
0.395
0.394
0.395
0.395
0.4
0.406
0.408
0.408
0.408
0.408
0.407
0.407
0.411
0.407
0.413
0.413
0.413
0.413
0.419
0.419
0.419
0.421
0.422
0.423
0.423
0.424
0.423
0.423
0.423
0.425
0.427
0.429
0.43
0.431
0.431
0.431
0.431
0.431
0.433
0.433
0.433
0.433
0.433
0.437
0.439
0.439
0.439
0.44
0.442
0.44
0.442
0.448
0.45
0.45
0.451
0.451
0.452
0.468
0.516
0.9
0.962
1.006
1.03
1.038
1.042
1.047
1.052
1.055
1.065
1.065
1.065
1.066
1.071
1.08
1.082
1.087
1.087
1.096
1.097
1.108
1.11
1.112
1.112
1.12
1.12
1.12
1.114
1.111
1.104
1.099
1.088
1.082
1.077
1.077
1.074
1.074
1.072
1.07
1.069
1.056
1.051
1.048
1.046
1.046
1.034
1.031
1.031
1.03
1.022
1.019
1.008
1.007
1.002
0.997
0.992
0.989
0.985
0.984
0.977
0.977
0.975
0.97
0.97
0.97
0.967
0.965
0.963
0.963
0.953
0.953
0.953
0.94
0.94
0.928
0.928
0.928
0.923
0.921
0.921
0.917
0.913
0.913
0.913
0.912
0.904
0.9
0.9
0.9
0.897
0.896
0.895
0.891
0.89
0.889
0.886
0.884
0.881
0.879
0.875
0.874
0.872
0.872
0.872
0.872
0.868
0.868
0.865
0.864
0.864
0.857
0.857
0.854
0.857
0.854
0.854
0.85
0.844
0.844
0.844
0.839
0.839
0.837
0.835
0.835
0.837
0.834
0.833
0.825
0.822
0.822
0.822
0.822
0.817
0.817
0.817
0.816
0.816
0.818
0.819
0.818
0.818
0.815
0.815
0.811
0.811
0.809
0.805
0.805
0.806
0.804
0.804
0.802
0.799
0.795
0.794
0.792
0.792
0.793
0.793
0.792
0.793
0.787
0.787
0.79
0.79
0.79
0.791
0.791
0.786
0.786
0.785
0.784
0.782
0.774
0.774
0.774
0.774
0.774
0.777
0.777
0.774
0.774
0.774
0.774
0.774
0.774
0.771
0.775
0.775
0.771
0.771
0.771
0.771
0.771
0.771
0.771
0.764
0.763
0.763
0.763
0.763
0.765
0.767
0.767
0.767
0.767
0.773
0.767
0.768
0.768
0.762
0.761
0.761
0.759
0.755
0.754
0.755
0.755
0.755
0.755
0.76
0.76
0.76
0.76
0.76
0.76
0.762
0.765
0.765
0.765
0.765
0.765
0.765
0.767
0.769
0.77
0.769
0.77
0.77
0.772
0.772
0.772
0.77
0.77
0.77
0.77
0.77
0.77
0.776
0.778
0.778
0.779
0.779
0.778
0.774
0.781
0.778
0.777
0.777
0.778
0.778
0.778
0.781
0.783
0.783
0.783
0.783
0.783
0.783
0.789
0.789
0.792
0.789
0.792
0.791
0.793
0.795
0.796
0.796
0.798
0.801
0.802
0.802
0.803
0.803
0.803
0.805
0.805
0.805
0.804
0.804
0.804
0.809
0.81
0.813
0.813
0.812
0.812
0.812
0.812
0.812
0.812
0.812
0.812
0.812
0.805
0.778
0.605
0.476
0.419
0.386
0.357
0.307
0.293
0.29
0.29
0.291
0.29
0.29
0.291
0.29
0.29
0.29
0.29
0.29
0.296
0.296
0.296
0.296
0.298
0.296
0.296
0.298
0.298
0.298
0.304
0.305
0.305
0.306
0.306
0.309
0.302
0.311
0.316
0.318
0.316
0.316
0.316
0.316
0.314
0.314
0.312
0.311
0.311
0.312
0.316
0.318
0.318
0.319
0.326
0.327
0.329
0.33
0.329
0.329
0.329
0.337
0.326
0.336
0.336
0.336
0.336
0.336
0.338
0.338
0.338
0.336
0.338
0.34
0.34
0.345
0.346
0.355
0.355
0.353
0.353
0.353
0.353
0.359
0.36
0.36
0.36
0.36
