0.216
0.217
0.217
0.216
0.216
0.218
0.218
0.218
0.218
0.219
0.219
0.219
0.219
0.219
0.22
0.22
0.224
0.227
0.227
0.227
0.229
0.229
0.227
0.227
0.23
0.229
0.229
0.229
0.23
0.229
0.228
0.225
0.228
0.228
0.225
0.229
0.231
0.231
0.231
0.238
0.231
0.24
0.24
0.238
0.235
0.235
0.229
0.229
0.229
0.229
0.237
0.237
0.239
0.239
0.242
0.242
0.239
0.242
0.248
0.252
0.248
0.248
0.248
0.246
0.246
0.246
0.252
0.25
0.25
0.25
0.25
0.25
0.25
0.253
0.253
0.253
0.25
0.253
0.255
0.252
0.256
0.257
0.261
0.261
0.261
0.261
0.261
0.261
0.262
0.263
0.266
0.267
0.268
0.268
0.271
0.271
0.273
0.273
0.274
0.274
0.274
0.274
0.276
0.283
0.285
0.287
0.287
0.287
0.287
0.287
0.289
0.289
0.29
0.29
0.294
0.294
0.298
0.298
0.3
0.306
0.305
0.306
0.307
0.312
0.312
0.312
0.312
0.312
0.315
0.318
0.321
0.321
0.321
0.321
0.324
0.326
0.328
0.328
0.335
0.335
0.335
0.336
0.338
0.338
0.339
0.343
0.345
0.346
0.35
0.352
0.352
0.354
0.356
0.357
0.359
0.359
0.366
0.366
0.366
0.374
0.379
0.383
0.384
0.384
0.391
0.394
0.394
0.394
0.398
0.403
0.407
0.41
0.41
0.416
0.422
0.422
0.426
0.427
0.433
0.435
0.441
0.443
0.449
0.451
0.454
0.467
0.47
0.476
0.477
0.48
0.49
0.496
0.497
0.499
0.502
0.516
0.519
0.524
0.526
0.535
0.539
0.542
0.55
0.552
0.558
0.571
0.573
0.585
0.587
0.587
0.585
0.58
0.58
0.58
0.58
0.58
0.584
0.585
0.584
0.584
0.581
0.578
0.578
0.581
0.581
0.571
0.576
0.574
0.571
0.571
0.571
0.568
0.568
0.568
0.564
0.567
0.566
0.565
0.566
0.566
0.566
0.566
0.566
0.563
0.563
0.562
0.562
0.563
0.566
0.567
0.567
0.567
0.567
0.565
0.561
0.561
0.565
0.561
0.561
0.561
0.56
0.56
0.561
0.562
0.562
0.563
0.562
0.561
0.561
0.561
0.561
0.562
0.562
0.561
0.565
0.565
0.563
0.565
0.565
0.565
0.565
0.565
0.565
0.566
0.561
0.564
0.566
0.564
0.56
0.564
0.562
0.562
0.571
0.571
0.571
0.571
0.565
0.565
0.565
0.564
0.564
0.569
0.567
0.564
0.566
0.567
0.567
0.569
0.569
0.569
0.567
0.567
0.567
0.566
0.569
0.569
0.569
0.568
0.569
0.569
0.575
0.575
0.575
0.575
0.571
0.571
0.57
0.571
0.572
0.572
0.574
0.577
0.577
0.577
0.583
0.583
0.585
0.585
0.585
0.582
0.585
0.584
0.584
0.584
0.591
0.584
0.591
0.591
0.591
0.593
0.594
0.593
0.595
0.595
0.595
0.592
0.592
0.592
0.598
0.598
0.598
0.601
0.598
0.599
0.601
0.601
0.605
0.608
0.608
0.608
0.609
0.608
0.608
0.609
0.61
0.61
0.613
0.613
0.617
0.617
0.617
0.619
0.622
0.627
0.63
0.631
0.631
0.63
0.63
0.631
0.633
0.637
0.643
0.644
0.646
0.646
0.646
0.646
0.65
0.652
0.652
0.654
0.655
0.656
0.658
0.677
0.767
1.073
1.138
1.166
1.17
1.178
1.18
1.182
1.182
1.183
1.189
1.191
1.191
1.196
1.199
1.199
1.204
1.206
1.209
1.214
1.22
1.225
1.227
1.23
1.232
1.236
1.241
1.246
1.247
1.257
1.259
1.261
1.263
1.272
1.276
1.277
1.282
1.284
1.284
1.284
1.274
1.271
1.261
1.257
1.244
1.237
1.233
1.227
1.226
1.214
1.21
1.197
1.192
1.19
1.189
1.187
1.185
1.168
1.165
1.164
1.162
1.155
1.138
1.136
1.134
1.126
1.126
1.115
1.113
1.11
1.11
1.108
1.104
1.096
1.089
1.082
1.074
1.069
1.066
1.066
1.065
1.063
1.057
1.054
1.049
1.043
1.034
1.034
1.034
1.028
1.026
1.023
1.02
1.019
1.017
1.015
1.009
0.999
0.991
0.986
0.986
0.986
0.986
0.986
0.978
0.974
0.974
0.974
0.974
0.972
0.964
0.956
0.955
0.954
0.953
0.953
0.95
0.95
0.945
0.944
0.941
0.941
0.937
0.935
0.935
0.931
0.929
0.929
0.926
0.923
0.917
0.913
0.912
0.911
0.911
0.908
0.908
0.899
0.899
0.899
0.898
0.899
0.898
0.894
0.894
0.895
0.892
0.894
0.894
0.884
0.881
0.884
0.881
0.877
0.876
0.875
0.874
0.875
0.875
0.874
0.872
0.869
0.869
0.869
0.86
0.858
0.858
0.858
0.858
0.858
0.853
0.852
0.843
0.834
0.834
0.834
0.834
0.834
0.839
0.829
0.84
0.84
0.84
0.824
0.823
0.82
0.776
0.724
0.599
0.405
0.341
0.324
0.321
0.321
0.321
0.321
0.321
0.321
0.32
0.32
0.319
0.319
0.325
0.325
0.321
0.327
0.321
0.321
0.322
0.322
0.316
0.317
0.317
0.316
0.316
0.317
0.317
0.318
0.319
0.322
0.322
0.322
0.32
0.32
0.32
0.32
0.32
0.32
0.321
0.32
0.32
0.322
0.322
0.317
0.317
0.317
0.317
0.317
0.316
0.32
0.317
0.313
0.313
0.315
0.315
0.313
0.315
0.315
0.319
0.319
0.319
0.318
0.319
0.319
0.319
0.32
0.321
0.325
0.325
0.325
0.325
0.324
0.324
0.324
0.322
0.325
0.325
0.321
0.319
0.319
0.319
0.322
0.329
0.329
0.329
0.329
0.325
0.325
0.325
0.325
0.324
0.324
0.324
0.324
0.324
0.329
0.324
0.325
0.325
0.325
0.325
0.327
0.327
0.333
0.333
0.335
0.335
0.335
0.333
0.331
0.331
0.333
0.333
0.332
0.333
0.332
0.332
0.335
0.337
0.338
0.341
0.34
0.34
0.339
0.34
0.34
0.341
0.343
0.343
0.343
0.343
0.343
0.343
0.343
0.345
0.345
0.347
0.359
0.359
0.36
0.36
0.36
0.36
0.36
0.36
0.361
0.361
0.361
0.361
0.358
0.358
0.358
0.358
0.359
0.367
0.367
0.367
0.367
0.369
0.369
0.376
0.376
0.376
0.374
0.373
0.373
0.372
0.371
0.371
0.36
0.359
0.348
0.348
0.347
0.347
0.342
0.336
0.335
0.334
0.327
0.327
0.326
0.326
0.324
0.321
0.319
0.319
0.318
0.318
0.313
0.308
0.306
0.306
0.308
0.308
0.304
0.304
0.298
0.298
0.298
0.298
0.298
0.297
0.296
0.293
0.296
0.296
0.293
0.284
0.29
0.286
0.286
0.282
0.282
0.279
0.277
0.27
0.269
0.269
0.269
0.269
0.269
0.269
0.264
0.261
0.26
0.26
0.261
0.262
0.263
0.263
0.263
0.262
0.262
0.261
0.261
0.259
0.259
0.256
0.248
0.248
0.248
0.251
0.251
0.251
0.249
0.249
0.246
0.246
0.243
0.246
0.245
0.245
0.245
0.245
0.245
0.244
0.244
0.243
0.242
0.241
0.241
0.238
0.235
0.236
0.236
0.236
0.236
0.236
0.232
0.232
0.231
0.23
0.23
0.23
0.227
0.224
0.224
0.226
0.22
0.226
0.226
0.226
0.226
0.226
0.223
0.222
0.218
0.218
0.218
0.218
0.211
0.211
0.21
0.21
0.211
0.212
0.215
0.215
0.215
0.211
0.211
0.211
0.216
0.216
0.216
0.21
0.209
0.208
0.208
0.209
0.208
0.211
0.211
0.207
0.205
0.202
0.202
0.202
0.202
0.203
0.203
0.202
0.2
0.202
0.202
0.203
0.205
0.206
0.206
0.206
0.206
0.206
0.206
0.207
0.207
0.207
0.207
0.207
0.206
0.204
0.204
0.206
0.207
0.207
0.207
0.199
0.199
0.199
0.199
0.203
0.203
0.203
0.203
0.199
0.195
0.196
0.196
0.196
0.196
0.196
0.192
0.192
0.192
0.192
0.194
0.197
0.194
0.194
0.194
0.193
0.189
0.188
0.189
0.188
0.188
0.193
0.193
0.19
0.195
0.193
0.19
0.192
0.192
0.192
0.188
0.192
0.189
0.194
0.191
0.191
0.189
0.187
0.187
0.187
0.191
0.193
0.193
0.191
0.187
0.187
0.185
0.187
0.187
0.19
0.19
0.19
0.19
0.19
0.191
0.19
0.19
0.19
0.191
0.19
0.191
0.191
0.189
0.189
0.189
0.189
0.194
0.194
0.194
0.186
0.184
0.184
0.186
0.186
0.184
0.186
0.186
0.186
0.188
0.189
0.189
0.19
0.19
0.191
0.191
0.193
0.193
0.193
0.191
0.192
0.19
0.19
0.19
0.192
0.193
0.193
0.194
0.194
0.195
0.195
0.195
0.194
0.193
0.193
0.194
0.193
0.193
0.196
0.195
0.191
0.194
0.195
0.194
0.193
0.194
0.193
0.193
0.194
0.194
0.194
0.198
0.198
0.2
0.2
0.201
0.203
0.202
0.202
0.202
