0.196
0.199
0.201
0.199
0.199
0.199
0.2
0.198
0.2
0.202
0.206
0.202
0.202
0.2
0.2
0.2
0.2
0.204
0.204
0.198
0.193
0.197
0.195
0.195
0.195
0.196
0.195
0.195
0.193
0.193
0.192
0.192
0.192
0.191
0.191
0.189
0.185
0.184
0.184
0.185
0.189
0.194
0.194
0.194
0.193
0.193
0.193
0.193
0.192
0.192
0.192
0.192
0.193
0.193
0.193
0.193
0.191
0.191
0.191
0.191
0.195
0.195
0.195
0.194
0.191
0.191
0.191
0.193
0.194
0.196
0.195
0.195
0.195
0.191
0.191
0.191
0.191
0.189
0.193
0.193
0.193
0.189
0.193
0.194
0.196
0.198
0.198
0.197
0.196
0.197
0.197
0.198
0.198
0.2
0.199
0.198
0.199
0.199
0.196
0.196
0.197
0.197
0.197
0.198
0.198
0.198
0.199
0.199
0.203
0.204
0.204
0.197
0.204
0.193
0.193
0.193
0.197
0.197
0.197
0.197
0.199
0.199
0.199
0.199
0.199
0.203
0.204
0.207
0.207
0.207
0.204
0.205
0.202
0.202
0.202
0.202
0.2
0.2
0.199
0.199
0.199
0.199
0.197
0.197
0.197
0.202
0.202
0.209
0.209
0.216
0.216
0.211
0.214
0.211
0.209
0.209
0.21
0.21
0.21
0.21
0.21
0.209
0.208
0.208
0.208
0.217
0.217
0.217
0.215
0.205
0.205
0.205
0.214
0.221
0.226
0.226
0.226
0.226
0.226
0.224
0.224
0.224
0.224
0.224
0.225
0.231
0.232
0.232
0.232
0.234
0.232
0.234
0.234
0.229
0.229
0.236
0.241
0.241
0.241
0.241
0.238
0.238
0.241
0.246
0.246
0.254
0.251
0.254
0.255
0.255
0.255
0.256
0.26
0.262
0.262
0.263
0.263
0.257
0.257
0.265
0.265
0.265
0.265
0.272
0.272
0.264
0.264
0.267
0.267
0.267
0.267
0.27
0.27
0.27
0.275
0.277
0.277
0.277
0.28
0.28
0.28
0.279
0.279
0.276
0.275
0.272
0.268
0.268
0.267
0.267
0.267
0.266
0.264
0.264
0.26
0.26
0.26
0.26
0.257
0.257
0.257
0.257
0.257
0.257
0.259
0.255
0.255
0.254
0.25
0.247
0.247
0.249
0.247
0.249
0.249
0.249
0.248
0.248
0.248
0.248
0.245
0.244
0.243
0.24
0.234
0.222
0.222
0.222
0.227
0.228
0.229
0.229
0.23
0.229
0.23
0.229
0.229
0.229
0.23
0.229
0.229
0.229
0.228
0.228
0.223
0.221
0.221
0.221
0.221
0.221
0.221
0.221
0.221
0.22
0.216
0.216
0.216
0.218
0.218
0.218
0.215
0.215
0.211
0.215
0.217
0.217
0.216
0.217
0.218
0.216
0.218
0.218
0.218
0.219
0.221
0.221
0.221
0.217
0.217
0.217
0.217
0.217
0.204
0.204
0.204
0.205
0.206
0.209
0.218
0.218
0.214
0.213
0.213
0.213
0.212
0.211
0.211
0.211
0.211
0.211
0.208
0.208
0.207
0.207
0.207
0.206
0.2
0.2
0.2
0.206
0.206
0.207
0.207
0.208
0.208
0.208
0.206
0.203
0.203
0.2
0.2
0.2
0.203
0.197
0.203
0.198
0.199
0.198
0.198
0.198
0.199
0.199
0.208
0.208
0.208
0.205
0.204
0.204
0.205
0.21
0.21
0.21
0.207
0.206
0.206
0.206
0.205
0.206
0.202
0.2
0.199
0.199
0.199
0.2
0.205
0.205
0.205
0.203
0.203
0.202
0.201
0.201
0.2
0.2
0.201
0.202
0.206
0.206
0.206
0.204
0.201
0.201
0.202
0.202
0.202
0.204
0.202
0.204
0.204
0.204
0.205
0.205
0.199
0.199
0.199
0.199
0.201
0.208
0.201
0.201
0.205
0.205
0.198
0.198
0.205
0.203
0.198
0.201
0.203
0.202
0.202
0.205
0.205
0.202
0.201
0.2
0.2
0.2
0.2
0.199
0.199
0.199
0.199
0.199
0.203
0.203
0.203
0.208
0.208
0.208
0.203
0.205
0.205
0.205
0.205
0.21
0.21
0.211
0.216
0.216
0.211
0.212
0.212
0.211
0.212
0.212
0.21
0.21
0.21
0.204
0.204
0.208
0.208
0.21
0.213
0.213
0.214
0.213
0.216
0.223
0.217
0.217
0.219
0.217
0.214
0.214
0.214
0.214
0.218
0.218
0.226
0.228
0.226
0.228
0.228
0.223
0.223
0.222
0.222
0.222
0.217
0.217
0.22
0.22
0.22
0.22
0.22
0.22
0.223
0.226
0.227
0.227
0.227
0.227
0.226
0.226
0.226
0.228
0.233
0.233
0.233
0.233
0.234
0.234
0.235
0.235
0.236
0.239
0.239
0.239
0.239
0.242
0.248
0.248
0.248
0.247
0.244
0.244
0.247
0.248
0.249
0.251
0.251
0.255
0.257
0.257
0.255
0.259
0.259
0.259
0.26
0.261
0.262
0.265
0.265
0.265
0.269
0.269
0.269
0.263
0.265
0.265
0.265
0.27
0.272
0.275
0.28
0.281
0.282
0.282
0.284
0.287
0.292
0.293
0.294
0.293
0.292
0.29
0.29
0.29
0.3
0.3
0.303
0.304
0.307
0.309
0.315
0.315
0.315
0.315
0.324
0.324
0.324
0.326
0.326
0.326
0.327
0.329
0.335
0.335
0.337
0.337
0.338
0.343
0.343
0.343
0.353
0.353
0.353
0.355
0.365
0.366
0.37
0.374
0.374
0.376
0.38
0.382
0.38
0.386
0.392
0.393
0.394
0.394
0.397
0.403
0.405
0.408
0.413
0.414
0.419
0.42
0.422
0.428
0.43
0.431
0.433
0.435
0.435
0.445
0.446
0.453
0.455
0.462
0.466
0.467
0.478
0.487
0.487
0.489
0.493
0.495
0.504
0.515
0.517
0.525
0.527
0.533
0.535
0.537
0.543
0.564
0.565
0.574
0.587
0.589
0.589
0.591
0.591
0.589
0.589
0.589
0.587
0.587
0.587
0.587
0.583
0.584
0.583
0.583
0.583
0.582
0.582
0.582
0.575
0.575
0.577
0.577
0.579
0.579
0.58
0.579
0.579
0.578
0.57
0.569
0.569
0.567
0.569
0.569
0.572
0.572
0.575
0.572
0.57
0.57
0.577
0.569
0.576
0.576
0.57
0.569
0.568
0.568
0.568
0.572
0.572
0.572
0.572
0.57
0.568
0.565
0.565
0.568
0.568
0.57
0.57
0.57
0.57
0.57
0.57
0.57
0.568
0.568
0.564
0.564
0.564
0.564
0.563
0.564
0.563
0.563
0.565
0.565
0.563
0.565
0.565
0.563
0.563
0.563
0.563
0.563
0.56
0.56
0.563
0.563
0.563
0.564
0.565
0.567
0.57
0.567
0.57
0.57
0.571
0.572
0.574
0.574
0.574
0.573
0.573
0.573
0.573
0.573
0.572
0.572
0.572
0.572
0.575
0.577
0.577
0.577
0.577
0.577
0.576
0.577
0.576
0.576
0.576
0.576
0.575
0.576
0.577
0.584
0.584
0.584
0.584
0.585
0.585
0.586
0.587
0.587
0.591
0.587
0.591
0.593
0.593
0.598
0.6
0.6
0.598
0.599
0.599
0.597
0.597
0.599
0.601
0.604
0.604
0.604
0.604
0.604
0.604
0.605
0.605
0.607
0.609
0.61
0.612
0.615
0.616
0.617
0.618
0.621
0.621
0.62
0.621
0.62
0.62
0.621
0.626
0.626
0.63
0.632
0.634
0.634
0.636
0.636
0.638
0.641
0.641
0.645
0.65
0.645
0.647
0.65
0.65
0.65
0.652
0.652
0.652
0.657
0.662
0.7
1.11
1.134
1.145
1.149
1.156
1.167
1.181
1.187
1.188
1.188
1.196
1.19
1.197
1.197
1.203
1.204
1.204
1.206
1.206
1.218
1.222
1.224
1.225
1.226
1.234
1.242
1.244
1.244
1.249
1.264
1.264
1.266
1.266
1.27
1.271
1.276
1.283
1.284
1.284
1.283
1.267
1.261
1.259
1.245
1.243
1.228
1.227
1.227
1.225
1.219
1.211
1.201
1.201
1.198
1.192
1.191
1.184
1.177
1.163
1.157
1.157
1.157
1.15
1.149
1.147
1.139
1.129
1.125
1.118
1.112
1.109
1.103
1.098
1.097
1.094
1.086
1.083
1.078
1.076
1.072
1.069
1.068
1.066
1.061
1.056
1.051
1.049
1.047
1.04
1.035
1.035
1.031
1.028
1.024
1.019
1.012
1.011
1.007
1.007
1.006
1.006
0.997
0.995
0.995
0.992
0.991
0.987
0.984
0.984
0.976
0.973
0.97
0.969
0.969
0.969
0.969
0.962
0.953
0.952
0.948
0.948
0.947
0.944
0.944
0.942
0.932
0.932
0.932
0.93
0.929
0.928
0.925
0.923
0.921
0.92
0.918
0.918
0.918
0.918
0.915
0.908
0.907
0.904
0.904
0.901
0.898
0.894
0.891
0.891
0.89
0.887
0.887
0.886
0.886
0.886
0.881
0.879
0.879
0.877
0.879
0.879
0.877
0.877
0.877
0.877
0.869
0.868
0.867
0.862
0.857
0.856
0.854
0.853
0.851
0.845
0.845
0.845
0.844
0.844
0.844
0.844
0.844
0.843
0.833
0.829
0.814
