0.583
0.589
0.589
0.594
0.594
0.595
0.595
0.596
0.602
0.608
0.608
0.608
0.607
0.607
0.607
0.607
0.611
0.612
0.616
0.616
0.618
0.618
0.621
0.618
0.621
0.622
0.624
0.624
0.626
0.628
0.632
0.634
0.634
0.634
0.634
0.642
0.644
0.644
0.642
0.644
0.644
0.649
0.652
0.655
0.687
0.809
1.102
1.139
1.16
1.165
1.17
1.17
1.171
1.172
1.172
1.181
1.183
1.189
1.189
1.19
1.191
1.195
1.196
1.203
1.205
1.213
1.213
1.213
1.219
1.225
1.226
1.238
1.247
1.247
1.256
1.256
1.257
1.257
1.266
1.267
1.27
1.278
1.278
1.278
1.272
1.265
1.261
1.255
1.255
1.246
1.23
1.224
1.224
1.219
1.209
1.207
1.205
1.204
1.187
1.179
1.179
1.177
1.166
1.164
1.157
1.152
1.149
1.143
1.137
1.13
1.13
1.125
1.123
1.112
1.11
1.108
1.097
1.096
1.096
1.088
1.084
1.08
1.079
1.078
1.067
1.063
1.06
1.059
1.056
1.048
1.047
1.046
1.044
1.036
1.036
1.035
1.033
1.031
1.018
1.013
1.012
1.011
1.011
1.008
1.006
1.001
0.995
0.992
0.991
0.984
0.979
0.977
0.977
0.977
0.975
0.975
0.972
0.971
0.97
0.967
0.962
0.957
0.952
0.951
0.951
0.951
0.949
0.946
0.943
0.943
0.94
0.94
0.933
0.927
0.923
0.92
0.92
0.92
0.921
0.921
0.921
0.916
0.915
0.913
0.907
0.907
0.907
0.907
0.907
0.905
0.902
0.902
0.9
0.9
0.897
0.897
0.893
0.886
0.886
0.886
0.886
0.886
0.885
0.882
0.882
0.881
0.88
0.875
0.873
0.873
0.873
0.871
0.871
0.871
0.869
0.869
0.869
0.861
0.854
0.851
0.851
0.845
0.843
0.842
0.843
0.843
0.843
0.843
0.843
0.833
0.823
0.819
0.785
0.74
0.515
0.403
0.36
0.351
0.33
0.328
0.325
0.325
0.323
0.321
0.323
0.323
0.323
0.319
0.32
0.32
0.32
0.321
0.321
0.324
0.328
0.328
0.323
0.323
0.32
0.32
0.318
0.318
0.318
0.316
0.316
0.316
0.321
0.321
0.321
0.321
0.319
0.319
0.32
0.319
0.32
0.32
0.32
0.319
0.321
0.316
0.32
0.318
0.32
0.318
0.318
0.318
0.318
0.318
0.318
0.32
0.32
0.318
0.316
0.316
0.31
0.31
0.316
0.317
0.317
0.317
0.317
0.317
0.317
0.318
0.324
0.324
0.324
0.328
0.322
0.322
0.322
0.326
0.326
0.326
0.326
0.326
0.327
0.325
0.327
0.327
0.327
0.323
0.323
0.323
0.323
0.324
0.326
0.326
0.326
0.324
0.324
0.324
0.324
0.321
0.324
0.331
0.335
0.335
0.335
0.336
0.335
0.336
0.336
0.336
0.335
0.335
0.331
0.331
0.331
0.333
0.334
0.334
0.338
0.34
0.338
0.338
0.338
0.338
0.337
0.335
0.335
0.342
0.342
0.344
0.344
0.347
0.347
0.345
0.347
0.35
0.35
0.35
0.35
0.35
0.352
0.355
0.358
0.358
0.358
0.358
0.36
0.359
0.36
0.365
0.365
0.366
0.366
0.366
0.366
0.366
0.366
0.365
0.366
0.366
0.37
0.377
0.379
0.379
0.379
0.374
0.374
0.37
0.366
0.365
0.36
0.36
0.355
0.354
0.351
0.344
0.337
0.337
0.337
0.337
0.332
0.332
0.329
0.326
0.326
0.326
0.326
0.326
0.324
0.32
0.319
0.319
0.319
0.313
0.313
0.313
0.311
0.3
0.3
0.297
0.297
0.295
0.293
0.293
0.293
0.293
0.291
0.284
0.282
0.276
0.276
0.272
0.272
0.272
0.276
0.276
0.276
0.269
0.269
0.269
0.269
0.269
0.268
0.268
0.254
0.254
0.252
0.252
0.252
0.249
0.249
0.25
0.25
0.25
0.25
0.25
0.25
0.249
0.25
0.249
0.249
0.249
0.245
0.241
0.243
0.241
0.237
0.236
0.236
0.235
0.235
0.236
0.236
0.235
0.233
0.231
0.231
0.231
0.234
0.234
0.234
0.23
0.23
0.23
0.229
0.228
0.228
0.227
0.227
0.226
0.226
0.226
0.226
0.226
0.226
0.227
0.226
0.226
0.219
0.219
0.219
0.222
0.222
0.222
0.215
0.214
0.214
0.213
0.215
0.215
0.215
0.215
0.215
0.215
0.21
0.204
0.204
0.21
0.21
0.21
0.21
0.202
0.202
0.202
0.202
0.209
0.209
0.203
0.203
0.203
0.203
0.203
0.207
0.207
0.207
0.208
0.208
0.208
0.207
0.206
0.201
0.201
0.198
0.194
0.194
0.194
0.194
0.199
0.199
0.204
0.196
0.201
0.199
0.199
0.199
0.199
0.199
0.196
0.203
0.202
0.202
0.195
0.2
0.199
0.195
0.199
0.199
0.193
0.191
0.191
0.191
0.191
0.195
0.195
0.195
0.195
0.195
0.195
0.196
0.196
0.195
0.195
0.195
0.195
0.195
0.195
0.195
0.197
0.195
0.195
0.195
0.195
0.192
0.195
0.196
0.196
0.204
0.204
0.195
0.195
0.195
0.195
0.193
0.192
0.192
0.192
0.192
0.192
0.19
0.19
0.189
0.189
0.189
0.192
0.192
0.192
0.192
0.192
0.189
0.189
0.191
0.191
0.191
0.191
0.192
0.195
0.192
0.191
0.195
0.195
0.195
0.195
0.198
0.198
0.195
0.195
0.197
0.195
0.195
0.194
0.189
0.189
0.191
0.191
0.192
0.192
0.192
0.192
0.183
0.183
0.193
0.193
0.193
0.193
0.193
0.193
0.195
0.199
0.199
0.199
0.199
0.199
0.199
0.199
0.197
0.195
0.195
0.195
0.195
0.195
0.195
0.194
0.194
0.193
0.193
0.193
0.195
0.201
0.202
0.202
0.202
0.2
0.196
0.195
0.196
0.196
0.198
0.198
0.201
0.201
0.201
0.202
0.201
0.201
0.198
0.205
0.207
0.207
0.207
0.208
0.208
0.208
0.208
0.207
0.207
0.207
0.207
0.207
0.205
0.205
0.207
0.207
0.207
0.207
0.207
0.205
0.205
0.192
0.186
0.186
0.192
0.192
0.202
0.203
0.203
0.218
0.218
0.218
0.22
0.215
0.214
0.214
0.215
0.215
0.215
0.216
0.216
0.216
0.218
0.218
0.22
0.221
0.221
0.221
0.221
0.221
0.223
0.225
0.225
0.225
0.225
0.225
0.225
0.227
0.224
0.223
0.223
0.225
0.225
0.225
0.226
0.226
0.227
0.227
0.229
0.23
0.229
0.238
0.238
0.234
0.234
0.237
0.237
0.242
0.245
0.247
0.247
0.245
0.246
0.246
0.246
0.246
0.25
0.253
0.254
0.258
0.255
0.255
0.255
0.254
0.254
0.254
0.254
0.255
0.255
0.257
0.261
0.261
0.261
0.262
0.262
0.262
0.266
0.266
0.271
0.271
0.271
0.274
0.274
0.274
0.274
0.276
0.278
0.278
0.279
0.279
0.278
0.278
0.279
0.281
0.281
0.281
0.28
0.27
0.269
0.27
0.27
0.27
0.274
0.274
0.269
0.268
0.269
0.268
0.268
0.265
0.265
0.261
0.265
0.262
0.262
0.262
0.262
0.257
0.255
0.252
0.251
0.251
0.246
0.246
0.246
0.251
0.251
0.251
0.244
0.244
0.238
0.237
0.237
0.237
0.24
0.245
0.245
0.245
0.245
0.238
0.231
0.23
0.23
0.23
0.23
0.232
0.235
0.238
0.235
0.235
0.231
0.231
0.231
0.232
0.232
0.233
0.232
0.23
0.223
0.223
0.223
0.223
0.223
0.223
0.223
0.223
0.223
0.225
0.227
0.227
0.227
0.227
0.228
0.229
0.229
0.226
0.227
0.226
0.225
0.22
0.22
0.219
0.22
0.219
0.222
0.222
0.223
0.222
0.222
0.219
0.218
0.218
0.216
0.216
0.216
0.216
0.21
0.209
0.209
0.21
0.213
0.213
0.213
0.213
0.211
0.211
0.208
0.204
0.203
0.204
0.204
0.204
0.208
0.209
0.208
0.207
0.209
0.209
0.207
0.207
0.21
0.204
0.204
0.204
0.204
0.204
0.205
0.203
0.205
0.205
0.205
0.204
0.204
0.198
0.198
0.204
0.204
0.204
0.204
0.203
0.203
0.202
0.203
0.203
0.203
0.201
0.203
0.201
0.199
0.199
0.199
0.199
0.205
0.207
0.207
0.205
0.201
0.201
0.2
0.2
0.2
0.201
0.2
0.201
0.201
0.2
0.2
0.205
0.2
0.205
0.205
0.199
0.199
0.199
0.199
0.201
0.203
0.203
0.205
0.206
0.205
0.205
0.205
0.206
0.208
0.208
0.207
0.207
0.207
0.205
0.196
0.196
0.196
0.196
0.2
0.2
0.2
0.198
0.197
0.197
0.192
0.197
0.196
0.196
0.196
0.199
0.202
0.202
0.203
0.202
0.202
0.206
0.206
0.206
0.206
0.199
0.199
0.199
0.203
0.203
0.203
0.206
0.201
0.2
0.201
0.201
0.201
0.201
0.203
0.206
0.207
0.206
0.207
0.214
0.214
0.207
0.209
0.212
0.21
0.209
