0.203
0.204
0.205
0.204
0.205
0.206
0.206
0.206
0.206
0.208
0.203
0.206
0.203
0.203
0.203
0.206
0.207
0.207
0.209
0.211
0.209
0.202
0.211
0.207
0.202
0.203
0.203
0.2
0.2
0.2
0.2
0.2
0.2
0.207
0.208
0.207
0.208
0.208
0.205
0.205
0.205
0.202
0.202
0.202
0.202
0.204
0.206
0.206
0.206
0.207
0.207
0.205
0.205
0.207
0.204
0.204
0.204
0.204
0.202
0.202
0.202
0.202
0.199
0.199
0.195
0.185
0.183
0.183
0.183
0.196
0.196
0.197
0.197
0.204
0.205
0.205
0.203
0.203
0.202
0.201
0.201
0.199
0.199
0.205
0.205
0.205
0.205
0.201
0.201
0.204
0.204
0.206
0.206
0.206
0.206
0.207
0.207
0.212
0.213
0.213
0.213
0.213
0.213
0.211
0.213
0.213
0.214
0.213
0.213
0.213
0.21
0.209
0.21
0.214
0.214
0.214
0.218
0.214
0.222
0.222
0.212
0.209
0.212
0.209
0.212
0.212
0.218
0.222
0.222
0.222
0.219
0.218
0.218
0.218
0.218
0.224
0.224
0.224
0.221
0.221
0.221
0.223
0.223
0.225
0.225
0.225
0.225
0.225
0.227
0.221
0.221
0.221
0.224
0.223
0.223
0.224
0.224
0.224
0.227
0.227
0.227
0.225
0.223
0.223
0.225
0.225
0.23
0.23
0.232
0.232
0.227
0.227
0.226
0.226
0.23
0.235
0.237
0.238
0.241
0.241
0.238
0.241
0.238
0.235
0.238
0.241
0.242
0.247
0.247
0.244
0.244
0.244
0.244
0.246
0.246
0.248
0.25
0.252
0.252
0.253
0.253
0.258
0.258
0.258
0.258
0.258
0.258
0.258
0.264
0.266
0.266
0.266
0.266
0.266
0.266
0.272
0.272
0.272
0.272
0.281
0.275
0.282
0.282
0.28
0.28
0.28
0.28
0.281
0.281
0.281
0.285
0.285
0.283
0.29
0.289
0.289
0.292
0.292
0.291
0.292
0.294
0.294
0.298
0.298
0.299
0.301
0.301
0.31
0.312
0.314
0.314
0.315
0.315
0.316
0.316
0.316
0.32
0.324
0.324
0.323
0.331
0.332
0.332
0.339
0.34
0.345
0.345
0.343
0.345
0.345
0.345
0.35
0.352
0.353
0.353
0.357
0.361
0.363
0.369
0.375
0.375
0.376
0.377
0.389
0.391
0.393
0.398
0.398
0.4
0.401
0.401
0.406
0.409
0.409
0.411
0.411
0.421
0.421
0.434
0.44
0.441
0.444
0.448
0.448
0.449
0.458
0.462
0.472
0.474
0.475
0.485
0.491
0.492
0.493
0.495
0.505
0.51
0.514
0.52
0.531
0.534
0.539
0.541
0.543
0.554
0.559
0.563
0.567
0.589
0.589
0.59
0.59
0.59
0.59
0.585
0.585
0.585
0.582
0.581
0.582
0.582
0.579
0.578
0.578
0.576
0.576
0.575
0.575
0.58
0.581
0.581
0.583
0.583
0.575
0.575
0.575
0.575
0.575
0.575
0.575
0.575
0.575
0.571
0.571
0.571
0.571
0.573
0.573
0.573
0.572
0.566
0.565
0.56
0.56
0.56
0.56
0.563
0.568
0.563
0.567
0.568
0.569
0.569
0.569
0.569
0.562
0.562
0.562
0.564
0.564
0.564
0.564
0.563
0.563
0.56
0.56
0.559
0.559
0.559
0.559
0.559
0.559
0.56
0.559
0.558
0.556
0.556
0.556
0.56
0.56
0.56
0.56
0.558
0.558
0.561
0.561
0.56
0.56
0.559
0.559
0.559
0.562
0.567
0.567
0.562
0.567
0.563
0.561
0.562
0.563
0.563
0.562
0.565
0.568
0.568
0.568
0.569
0.569
0.571
0.573
0.573
0.573
0.577
0.577
0.579
0.58
0.58
0.579
0.579
0.579
0.579
0.578
0.579
0.579
0.58
0.579
0.58
0.58
0.58
0.58
0.582
0.58
0.58
0.582
0.582
0.585
0.585
0.585
0.585
0.583
0.583
0.586
0.586
0.59
0.592
0.597
0.592
0.597
0.598
0.598
0.6
0.6
0.6
0.6
0.602
0.612
0.612
0.611
0.611
0.607
0.607
0.607
0.607
0.605
0.607
0.606
0.608
0.611
0.614
0.614
0.614
0.616
0.619
0.617
0.617
0.623
0.619
0.619
0.62
0.623
0.623
0.624
0.624
0.624
0.624
0.624
0.632
0.632
0.635
0.635
0.635
0.635
0.641
0.642
0.646
0.647
0.662
0.796
1.078
1.131
1.142
1.157
1.158
1.16
1.16
1.17
1.174
1.175
1.179
1.183
1.192
1.196
1.201
1.204
1.21
1.21
1.221
1.224
1.226
1.227
1.228
1.23
1.238
1.247
1.249
1.25
1.25
1.254
1.257
1.257
1.257
1.261
1.278
1.282
1.282
1.282
1.281
1.277
1.26
1.258
1.249
1.241
1.236
1.234
1.226
1.22
1.214
1.212
1.208
1.191
1.185
1.184
1.181
1.171
1.162
1.158
1.154
1.15
1.14
1.136
1.136
1.129
1.128
1.12
1.119
1.118
1.118
1.108
1.104
1.103
1.085
1.077
1.076
1.075
1.073
1.073
1.069
1.063
1.062
1.057
1.052
1.047
1.047
1.044
1.044
1.041
1.041
1.034
1.031
1.027
1.022
1.018
1.011
1.011
1.006
1.004
1.002
1.002
0.99
0.99
0.989
0.989
0.988
0.987
0.985
0.982
0.982
0.978
0.975
0.973
0.969
0.968
0.963
0.96
0.958
0.957
0.953
0.952
0.952
0.944
0.941
0.941
0.941
0.941
0.934
0.934
0.928
0.927
0.927
0.927
0.927
0.927
0.924
0.922
0.922
0.917
0.917
0.914
0.909
0.909
0.907
0.906
0.905
0.906
0.905
0.905
0.898
0.898
0.897
0.898
0.898
0.894
0.893
0.89
0.89
0.888
0.891
0.888
0.891
0.883
0.883
0.877
0.877
0.876
0.876
0.876
0.871
0.868
0.868
0.862
0.853
0.85
0.849
0.849
0.849
0.854
0.854
0.854
0.854
0.853
0.833
0.82
0.789
0.741
0.587
0.447
0.374
0.344
0.336
0.326
0.326
0.326
0.325
0.325
0.325
0.325
0.321
0.317
0.317
0.323
0.323
0.323
0.323
0.323
0.323
0.324
0.324
0.32
0.323
0.323
0.323
0.323
0.323
0.323
0.322
0.316
0.316
0.323
0.321
0.321
0.321
0.321
0.317
0.316
0.316
0.316
0.321
0.322
0.322
0.323
0.323
0.323
0.319
0.323
0.323
0.324
0.324
0.324
0.318
0.318
0.319
0.319
0.319
0.319
0.318
0.317
0.316
0.316
0.316
0.324
0.325
0.325
0.326
0.326
0.326
0.324
0.321
0.321
0.321
0.321
0.321
0.321
0.321
0.324
0.324
0.326
0.326
0.326
0.327
0.324
0.324
0.324
0.326
0.326
0.326
0.327
0.327
0.329
0.331
0.331
0.33
0.33
0.329
0.329
0.329
0.33
0.331
0.331
0.33
0.33
0.329
0.329
0.33
0.33
0.33
0.336
0.337
0.337
0.337
0.337
0.337
0.338
0.338
0.339
0.339
0.334
0.334
0.339
0.339
0.344
0.344
0.343
0.339
0.333
0.333
0.333
0.342
0.345
0.345
0.345
0.347
0.35
0.357
0.357
0.357
0.357
0.353
0.353
0.352
0.353
0.358
0.361
0.365
0.365
0.361
0.369
0.365
0.364
0.365
0.366
0.366
0.367
0.367
0.37
0.371
0.371
0.371
0.374
0.371
0.374
0.374
0.374
0.374
0.374
0.367
0.359
0.359
0.355
0.347
0.347
0.346
0.339
0.339
0.333
0.332
0.332
0.332
0.331
0.331
0.327
0.324
0.322
0.322
0.322
0.318
0.313
0.309
0.308
0.304
0.304
0.304
0.304
0.304
0.306
0.298
0.298
0.304
0.304
0.296
0.296
0.296
0.296
0.292
0.296
0.296
0.289
0.287
0.287
0.284
0.281
0.278
0.277
0.277
0.274
0.271
0.27
0.269
0.269
0.266
0.266
0.266
0.266
0.265
0.265
0.264
0.262
0.262
0.264
0.257
0.257
0.257
0.255
0.255
0.25
0.248
0.25
0.247
0.246
0.246
0.246
0.246
0.242
0.241
0.238
0.237
0.237
0.238
0.239
0.241
0.241
0.241
0.241
0.234
0.234
0.237
0.237
0.235
0.235
0.233
0.232
0.232
0.232
0.232
0.232
0.227
0.223
0.22
0.22
0.217
0.218
0.217
0.217
0.214
0.214
0.214
0.214
0.218
0.218
0.218
0.218
0.214
0.207
0.207
0.207
0.207
0.212
0.217
0.217
0.215
0.215
0.214
0.212
0.209
0.209
0.207
0.203
0.207
0.209
0.209
0.209
0.209
0.204
0.204
0.204
0.204
0.204
0.204
0.205
0.205
0.205
0.205
0.205
0.205
0.202
0.2
0.197
0.197
0.197
0.197
0.2
0.205
0.205
0.205
0.205
0.205
0.203
0.203
0.201
0.201
0.2
0.201
0.2
0.201
0.2
0.196
0.194
0.194
0.192
0.192
0.192
0.197
0.197
0.197
0.189
0.197
0.189
0.188
0.188
0.19
0.189
0.19
0.193
0.193
0.192
0.192
0.192
0.192
0.189
0.191
0.191
