0.264
0.266
0.272
0.273
0.273
0.273
0.273
0.271
0.271
0.268
0.261
0.261
0.264
0.261
0.264
0.264
0.259
0.259
0.258
0.258
0.258
0.258
0.257
0.257
0.257
0.256
0.256
0.252
0.252
0.251
0.251
0.251
0.25
0.244
0.241
0.24
0.24
0.24
0.24
0.238
0.236
0.236
0.236
0.236
0.234
0.236
0.237
0.237
0.237
0.237
0.236
0.232
0.232
0.232
0.228
0.228
0.228
0.228
0.228
0.228
0.228
0.228
0.231
0.225
0.225
0.225
0.226
0.226
0.227
0.228
0.227
0.227
0.227
0.226
0.225
0.224
0.22
0.22
0.219
0.216
0.216
0.216
0.216
0.213
0.213
0.213
0.206
0.206
0.212
0.212
0.214
0.216
0.216
0.214
0.214
0.214
0.214
0.214
0.214
0.214
0.214
0.213
0.214
0.214
0.213
0.213
0.214
0.213
0.213
0.207
0.205
0.205
0.207
0.207
0.205
0.207
0.207
0.214
0.214
0.214
0.214
0.214
0.209
0.209
0.213
0.213
0.208
0.206
0.205
0.205
0.201
0.201
0.201
0.201
0.201
0.205
0.205
0.205
0.205
0.205
0.2
0.2
0.2
0.2
0.2
0.199
0.198
0.198
0.202
0.197
0.196
0.197
0.197
0.197
0.197
0.2
0.2
0.195
0.195
0.193
0.193
0.194
0.193
0.193
0.189
0.189
0.189
0.19
0.196
0.196
0.196
0.193
0.193
0.193
0.194
0.196
0.196
0.196
0.196
0.196
0.196
0.196
0.196
0.196
0.195
0.192
0.192
0.192
0.193
0.193
0.193
0.193
0.193
0.193
0.193
0.191
0.193
0.193
0.192
0.192
0.193
0.192
0.192
0.19
0.193
0.192
0.193
0.194
0.199
0.2
0.2
0.2
0.199
0.199
0.199
0.201
0.201
0.201
0.2
0.196
0.194
0.196
0.197
0.197
0.197
0.197
0.196
0.192
0.192
0.192
0.199
0.199
0.204
0.199
0.199
0.199
0.199
0.198
0.198
0.198
0.198
0.198
0.198
0.2
0.201
0.2
0.2
0.2
0.2
0.199
0.199
0.201
0.201
0.199
0.199
0.199
0.199
0.201
0.203
0.204
0.204
0.205
0.205
0.205
0.203
0.2
0.197
0.195
0.195
0.195
0.199
0.203
0.206
0.206
0.206
0.206
0.206
0.198
0.198
0.195
0.189
0.187
0.187
0.187
0.198
0.2
0.2
0.206
0.212
0.216
0.22
0.216
0.224
0.224
0.223
0.223
0.223
0.222
0.222
0.223
0.224
0.224
0.224
0.224
0.224
0.22
0.227
0.227
0.22
0.22
0.226
0.22
0.22
0.22
0.22
0.22
0.22
0.229
0.229
0.228
0.231
0.231
0.228
0.23
0.231
0.232
0.232
0.232
0.233
0.233
0.236
0.239
0.244
0.239
0.244
0.244
0.244
0.247
0.247
0.25
0.247
0.247
0.246
0.246
0.246
0.25
0.25
0.25
0.25
0.25
0.248
0.248
0.252
0.249
0.252
0.252
0.253
0.253
0.257
0.256
0.257
0.258
0.265
0.265
0.266
0.266
0.27
0.273
0.276
0.276
0.275
0.276
0.277
0.282
0.282
0.282
0.282
0.281
0.278
0.278
0.277
0.278
0.273
0.273
0.273
0.268
0.268
0.264
0.263
0.263
0.263
0.26
0.26
0.26
0.258
0.253
0.252
0.25
0.25
0.25
0.251
0.251
0.252
0.252
0.253
0.253
0.248
0.248
0.248
0.246
0.244
0.243
0.244
0.243
0.241
0.239
0.239
0.239
0.239
0.239
0.24
0.24
0.235
0.243
0.243
0.24
0.239
0.239
0.235
0.239
0.239
0.235
0.234
0.235
0.235
0.234
0.231
0.231
0.224
0.223
0.223
0.222
0.219
0.219
0.219
0.219
0.219
0.224
0.219
0.224
0.224
0.221
0.22
0.221
0.221
0.22
0.22
0.219
0.219
0.219
0.219
0.219
0.215
0.212
0.212
0.212
0.212
0.213
0.213
0.213
0.212
0.212
0.206
0.206
0.213
0.213
0.212
0.212
0.211
0.211
0.205
0.205
0.205
0.205
0.205
0.207
0.207
0.207
0.207
0.205
0.204
0.204
0.208
0.208
0.209
0.209
0.209
0.198
0.198
0.198
0.206
0.206
0.206
0.204
0.204
0.204
0.204
0.204
0.206
0.206
0.206
0.202
0.202
0.202
0.201
0.201
0.202
0.203
0.203
0.203
0.201
0.201
0.201
0.201
0.201
0.205
0.207
0.207
0.201
0.201
0.201
0.201
0.201
0.201
0.203
0.203
0.2
0.2
0.199
0.199
0.199
0.197
0.197
0.195
0.195
0.197
0.198
0.198
0.203
0.203
0.203
0.203
0.204
0.204
0.202
0.203
0.203
0.202
0.197
0.203
0.197
0.197
0.197
0.198
0.198
0.202
0.201
0.201
0.201
0.201
0.2
0.197
0.197
0.197
0.198
0.206
0.206
0.206
0.206
0.205
0.196
0.194
0.194
0.194
0.2
0.2
0.2
0.196
0.196
0.196
0.199
0.2
0.202
0.202
0.202
0.203
0.199
0.199
0.199
0.199
0.198
0.198
0.198
0.202
0.205
0.205
0.202
0.201
0.201
0.201
0.201
0.202
0.202
0.203
0.207
0.207
0.208
0.208
0.208
0.207
0.208
0.207
0.207
0.21
0.21
0.21
0.21
0.209
0.209
0.209
0.209
0.21
0.211
0.211
0.211
0.211
0.211
0.212
0.216
0.216
0.216
0.217
0.218
0.218
0.218
0.217
0.222
0.218
0.214
0.214
0.218
0.217
0.217
0.22
0.22
0.219
0.22
0.22
0.22
0.22
0.222
0.222
0.224
0.224
0.229
0.229
0.229
0.229
0.229
0.23
0.232
0.232
0.232
0.231
0.231
0.231
0.228
0.228
0.23
0.23
0.23
0.232
0.232
0.232
0.234
0.234
0.238
0.239
0.239
0.238
0.236
0.236
0.236
0.238
0.244
0.244
0.244
0.244
0.244
0.244
0.244
0.245
0.249
0.252
0.254
0.254
0.252
0.252
0.252
0.251
0.251
0.251
0.252
0.258
0.261
0.262
0.266
0.266
0.266
0.266
0.267
0.267
0.269
0.271
0.271
0.271
0.275
0.275
0.272
0.272
0.275
0.275
0.277
0.279
0.279
0.279
0.288
0.288
0.288
0.288
0.288
0.29
0.29
0.293
0.299
0.299
0.3
0.299
0.301
0.301
0.301
0.302
0.304
0.304
0.306
0.309
0.311
0.317
0.317
0.319
0.322
0.324
0.327
0.327
0.329
0.33
0.333
0.338
0.338
0.338
0.338
0.338
0.346
0.346
0.348
0.346
0.346
0.354
0.36
0.362
0.366
0.366
0.371
0.373
0.374
0.376
0.377
0.384
0.386
0.387
0.389
0.393
0.396
0.397
0.399
0.401
0.41
0.41
0.411
0.415
0.424
0.428
0.428
0.432
0.433
0.437
0.446
0.448
0.453
0.455
0.459
0.463
0.468
0.474
0.475
0.48
0.483
0.493
0.493
0.494
0.495
0.512
0.522
0.524
0.527
0.533
0.535
0.544
0.545
0.55
0.558
0.561
0.576
0.58
0.587
0.591
0.592
0.591
0.591
0.586
0.585
0.581
0.58
0.581
0.581
0.581
0.58
0.584
0.577
0.577
0.579
0.584
0.579
0.582
0.579
0.577
0.577
0.581
0.577
0.574
0.574
0.574
0.574
0.574
0.577
0.577
0.576
0.575
0.575
0.574
0.574
0.57
0.57
0.572
0.565
0.563
0.563
0.563
0.563
0.565
0.567
0.567
0.567
0.563
0.563
0.563
0.568
0.568
0.569
0.568
0.567
0.564
0.566
0.564
0.564
0.564
0.564
0.562
0.564
0.565
0.567
0.567
0.567
0.563
0.563
0.563
0.564
0.565
0.565
0.564
0.564
0.564
0.564
0.565
0.565
0.565
0.565
0.57
0.569
0.57
0.57
0.572
0.57
0.57
0.57
0.57
0.567
0.567
0.567
0.567
0.567
0.568
0.567
0.568
0.574
0.575
0.575
0.575
0.569
0.569
0.569
0.569
0.575
0.575
0.571
0.571
0.571
0.571
0.572
0.575
0.576
0.576
0.576
0.576
0.572
0.572
0.574
0.574
0.582
0.584
0.584
0.584
0.583
0.581
0.581
0.578
0.581
0.582
0.587
0.582
0.587
0.587
0.588
0.588
0.589
0.589
0.589
0.591
0.591
0.592
0.592
0.595
0.595
0.598
0.601
0.598
0.597
0.598
0.6
0.6
0.6
0.603
0.603
0.602
0.602
0.602
0.602
0.605
0.609
0.61
0.611
0.611
0.611
0.613
0.613
0.613
0.613
0.619
0.621
0.624
0.631
0.631
0.63
0.63
0.628
0.626
0.626
0.626
0.632
0.633
0.634
0.641
0.642
0.642
0.645
0.644
0.644
0.645
0.645
0.647
0.654
0.66
0.701
0.962
1.053
1.119
1.136
1.151
1.164
1.174
1.174
1.176
1.176
1.182
1.183
1.189
1.2
1.2
1.2
1.202
1.206
1.21
1.212
1.214
1.222
1.223
1.224
1.225
1.227
1.24
1.244
1.249
1.254
1.255
1.255
1.258
1.258
1.268
1.271
1.276
1.276
1.276
1.272
1.263
1.256
1.251
1.248
1.244
1.235
1.221
