1.151
1.152
1.152
1.151
1.149
1.137
1.131
1.127
1.124
1.112
1.111
1.108
1.105
1.1
1.099
1.093
1.092
1.092
1.082
1.076
1.074
1.073
1.064
1.064
1.059
1.046
1.046
1.044
1.042
1.042
1.036
1.033
1.034
1.033
1.025
1.015
1.012
1.012
1.012
1.011
1.007
1.005
1
0.995
0.989
0.985
0.983
0.983
0.98
0.979
0.975
0.975
0.972
0.959
0.959
0.959
0.959
0.959
0.959
0.959
0.959
0.955
0.953
0.946
0.944
0.945
0.943
0.942
0.94
0.936
0.932
0.932
0.927
0.927
0.924
0.922
0.922
0.923
0.919
0.917
0.916
0.916
0.911
0.907
0.905
0.906
0.904
0.903
0.902
0.902
0.897
0.893
0.893
0.891
0.891
0.891
0.886
0.885
0.88
0.879
0.879
0.879
0.876
0.874
0.874
0.872
0.871
0.871
0.867
0.865
0.866
0.866
0.866
0.864
0.864
0.861
0.856
0.854
0.847
0.847
0.844
0.847
0.844
0.843
0.839
0.839
0.834
0.833
0.833
0.832
0.815
0.806
0.768
0.619
0.448
0.39
0.36
0.34
0.321
0.321
0.32
0.321
0.321
0.321
0.321
0.321
0.32
0.32
0.318
0.316
0.317
0.318
0.317
0.317
0.317
0.314
0.314
0.315
0.315
0.315
0.321
0.321
0.319
0.314
0.319
0.315
0.315
0.316
0.316
0.316
0.318
0.318
0.32
0.32
0.32
0.32
0.322
0.315
0.316
0.316
0.316
0.316
0.317
0.317
0.318
0.317
0.315
0.315
0.315
0.315
0.32
0.321
0.321
0.321
0.32
0.318
0.317
0.315
0.317
0.317
0.317
0.322
0.322
0.322
0.322
0.322
0.321
0.321
0.32
0.321
0.321
0.321
0.321
0.321
0.322
0.326
0.326
0.326
0.334
0.334
0.333
0.334
0.333
0.333
0.333
0.333
0.333
0.333
0.328
0.328
0.328
0.326
0.328
0.331
0.334
0.331
0.331
0.33
0.33
0.33
0.329
0.329
0.331
0.331
0.331
0.331
0.337
0.338
0.338
0.343
0.343
0.343
0.343
0.343
0.342
0.342
0.34
0.339
0.339
0.339
0.34
0.342
0.342
0.345
0.345
0.345
0.345
0.345
0.346
0.346
0.346
0.346
0.347
0.347
0.347
0.345
0.35
0.351
0.356
0.361
0.361
0.361
0.355
0.355
0.355
0.356
0.365
0.366
0.368
0.369
0.373
0.377
0.378
0.379
0.383
0.383
0.383
0.377
0.369
0.368
0.368
0.366
0.364
0.362
0.359
0.353
0.349
0.348
0.341
0.336
0.336
0.338
0.335
0.334
0.33
0.328
0.325
0.319
0.325
0.325
0.319
0.319
0.315
0.312
0.31
0.31
0.31
0.31
0.31
0.306
0.3
0.296
0.295
0.295
0.291
0.29
0.29
0.291
0.291
0.291
0.291
0.29
0.283
0.28
0.278
0.278
0.279
0.27
0.272
0.272
0.272
0.271
0.272
0.272
0.272
0.267
0.27
0.265
0.265
0.265
0.263
0.258
0.258
0.258
0.258
0.254
0.253
0.253
0.252
0.25
0.246
0.246
0.25
0.25
0.25
0.25
0.249
0.245
0.245
0.243
0.243
0.243
0.24
0.239
0.239
0.238
0.238
0.233
0.233
0.233
0.233
0.233
0.234
0.235
0.233
0.233
0.235
0.232
0.226
0.226
0.228
0.226
0.226
0.225
0.225
0.225
0.225
0.223
0.223
0.223
0.221
0.221
0.22
0.22
0.214
0.214
0.214
0.219
0.22
0.22
0.221
0.221
0.218
0.217
0.217
0.217
0.213
0.213
0.207
0.207
0.207
0.212
0.217
0.217
0.217
0.213
0.213
0.205
0.202
0.202
0.202
0.206
0.206
0.208
0.208
0.208
0.208
0.208
0.209
0.212
0.212
0.209
0.205
0.202
0.202
0.2
0.202
0.203
0.203
0.203
0.203
0.2
0.2
0.203
0.203
0.203
0.203
0.203
0.203
0.203
0.203
0.204
0.203
0.204
0.204
0.204
0.203
0.203
0.203
0.198
0.198
0.198
0.201
0.201
0.201
0.201
0.202
0.199
0.199
0.198
0.198
0.192
0.187
0.187
0.187
0.19
0.195
0.197
0.197
0.197
0.197
0.194
0.194
0.19
0.19
0.19
0.19
0.19
0.193
0.194
0.198
0.198
0.194
0.193
0.193
0.191
0.191
0.191
0.194
0.194
0.194
0.194
0.193
0.189
0.189
0.189
0.189
0.187
0.192
0.192
0.191
0.191
0.191
0.191
0.192
0.192
0.192
0.192
0.192
0.193
0.194
0.194
0.194
0.194
0.192
0.192
0.192
0.192
0.189
0.187
0.187
0.188
0.189
0.194
0.194
0.197
0.194
0.196
0.196
0.196
0.193
0.193
0.193
0.193
0.193
0.191
0.196
0.196
0.196
0.196
0.196
0.193
0.192
0.189
0.189
0.189
0.189
0.191
0.191
0.191
0.19
0.191
0.192
0.199
0.199
0.199
0.199
0.193
0.193
0.194
0.197
0.197
0.197
0.198
0.198
0.197
0.195
0.191
0.19
0.19
0.191
0.194
0.198
0.198
0.199
0.202
0.202
0.202
0.202
0.205
0.205
0.206
0.207
0.209
0.209
0.206
0.209
0.205
0.205
0.205
0.203
0.203
0.203
0.203
0.203
0.203
0.203
0.198
0.198
0.191
0.191
0.198
0.199
0.199
0.207
0.217
0.217
0.217
0.211
0.211
0.21
0.21
0.212
0.212
0.214
0.216
0.22
0.216
0.216
0.216
0.216
0.216
0.217
0.217
0.218
0.218
0.218
0.218
0.219
0.219
0.219
0.219
0.219
0.219
0.219
0.22
0.225
0.225
0.225
0.224
0.224
0.224
0.226
0.229
0.231
0.231
0.233
0.233
0.233
0.233
0.232
0.232
0.233
0.235
0.235
0.239
0.242
0.243
0.243
0.245
0.245
0.245
0.245
0.247
0.249
0.249
0.249
0.242
0.242
0.242
0.248
0.248
0.249
0.252
0.253
0.253
0.253
0.255
0.26
0.26
0.261
0.261
0.261
0.262
0.263
0.262
0.263
0.267
0.28
0.28
0.28
0.28
0.276
0.275
0.276
0.279
0.276
0.277
0.277
0.276
0.276
0.276
0.275
0.275
0.275
0.273
0.273
0.265
0.263
0.262
0.262
0.262
0.262
0.261
0.258
0.256
0.258
0.258
0.255
0.254
0.256
0.256
0.254
0.254
0.256
0.256
0.254
0.254
0.251
0.24
0.239
0.239
0.239
0.24
0.241
0.242
0.242
0.242
0.231
0.226
0.221
0.219
0.216
0.219
0.219
0.22
0.224
0.225
0.229
0.233
0.234
0.233
0.233
0.233
0.228
0.228
0.228
0.228
0.228
0.227
0.227
0.224
0.224
0.226
0.226
0.226
0.228
0.228
0.228
0.228
0.228
0.222
0.222
0.222
0.222
0.221
0.222
0.221
0.221
0.221
0.225
0.221
0.221
0.221
0.22
0.22
0.221
0.221
0.221
0.224
0.224
0.224
0.217
0.216
0.216
0.216
0.219
0.219
0.219
0.219
0.22
0.22
0.22
0.22
0.22
0.209
0.209
0.21
0.21
0.214
0.214
0.214
0.21
0.21
0.21
0.21
0.21
0.21
0.215
0.215
0.214
0.213
0.213
0.213
0.213
0.211
0.212
0.212
0.212
0.212
0.212
0.212
0.211
0.211
0.211
0.207
0.207
0.208
0.208
0.207
0.206
0.199
0.199
0.199
0.202
0.202
0.202
0.203
0.206
0.206
0.21
0.21
0.21
0.202
0.202
0.202
0.204
0.204
0.206
0.209
0.21
0.209
0.209
0.207
0.207
0.206
0.206
0.206
0.206
0.206
0.207
0.208
0.209
0.209
0.209
0.209
0.21
0.209
0.209
0.21
0.208
0.208
0.208
0.213
0.208
0.202
0.202
0.194
0.192
0.192
0.192
0.202
0.206
0.208
0.208
0.206
0.202
0.202
0.201
0.202
0.205
0.205
0.205
0.205
0.2
0.2
0.2
0.204
0.204
0.204
0.204
0.204
0.202
0.202
0.206
0.202
0.201
0.203
0.201
0.199
0.198
0.199
0.197
0.199
0.204
0.207
0.205
0.205
0.205
0.208
0.205
0.21
0.21
0.21
0.209
0.21
0.21
0.21
0.21
0.214
0.21
0.214
0.214
0.21
0.21
0.211
0.208
0.208
0.208
0.205
0.205
0.205
0.205
0.206
0.211
0.212
0.215
0.215
0.215
0.215
0.216
0.216
0.214
0.216
0.217
0.216
0.218
0.221
0.223
0.218
0.221
0.221
0.221
0.221
0.221
0.223
0.223
0.223
0.223
0.225
0.227
0.227
0.226
0.226
0.226
0.226
0.232
0.232
0.235
0.232
0.232
0.232
0.236
0.232
0.236
0.236
0.235
0.235
0.236
0.237
0.237
0.237
0.237
0.24
0.237
0.237
0.238
0.238
0.238
0.241
0.241
0.241
0.243
0.243
0.244
0.241
0.244
0.247
0.25
0.25
0.25
0.251
0.251
0.251
0.251
0.251
0.251
0.256
0.258
0.258
0.26
0.258
0.258
0.265
0.268
0.268
0.268
0.269
0.271
0.271
0.271
0.271
0.271
0.274
0.275
0.275
0.279
0.279
0.279
0.276
