0.271
0.275
0.276
0.276
0.275
0.275
0.277
0.275
0.275
0.275
0.275
0.274
0.269
0.269
0.269
0.27
0.277
0.277
0.277
0.277
0.275
0.274
0.267
0.267
0.267
0.266
0.263
0.265
0.265
0.265
0.265
0.265
0.262
0.261
0.261
0.262
0.257
0.257
0.262
0.258
0.258
0.258
0.258
0.253
0.252
0.251
0.251
0.25
0.248
0.245
0.242
0.242
0.242
0.242
0.252
0.252
0.252
0.242
0.226
0.226
0.223
0.223
0.229
0.239
0.239
0.239
0.237
0.236
0.235
0.231
0.231
0.234
0.234
0.234
0.234
0.233
0.233
0.231
0.231
0.231
0.226
0.226
0.233
0.233
0.233
0.233
0.227
0.225
0.224
0.225
0.224
0.223
0.223
0.222
0.217
0.217
0.221
0.221
0.221
0.221
0.219
0.216
0.219
0.219
0.221
0.221
0.223
0.223
0.223
0.223
0.223
0.22
0.22
0.219
0.22
0.22
0.218
0.218
0.218
0.216
0.218
0.221
0.221
0.221
0.221
0.218
0.218
0.218
0.218
0.218
0.217
0.215
0.215
0.214
0.214
0.212
0.205
0.205
0.205
0.207
0.212
0.212
0.212
0.212
0.212
0.211
0.213
0.213
0.209
0.208
0.208
0.205
0.208
0.205
0.205
0.204
0.202
0.2
0.2
0.202
0.2
0.199
0.2
0.203
0.198
0.203
0.203
0.2
0.2
0.205
0.2
0.205
0.205
0.199
0.199
0.201
0.201
0.206
0.206
0.204
0.204
0.202
0.197
0.202
0.197
0.199
0.199
0.201
0.201
0.201
0.202
0.205
0.205
0.205
0.205
0.205
0.205
0.205
0.205
0.21
0.21
0.21
0.21
0.21
0.21
0.212
0.212
0.212
0.21
0.205
0.205
0.205
0.21
0.21
0.21
0.21
0.21
0.21
0.214
0.214
0.218
0.218
0.218
0.216
0.218
0.218
0.216
0.22
0.22
0.214
0.214
0.214
0.214
0.21
0.212
0.21
0.21
0.211
0.212
0.211
0.211
0.21
0.21
0.21
0.216
0.216
0.216
0.212
0.212
0.212
0.213
0.214
0.215
0.215
0.215
0.215
0.214
0.211
0.211
0.211
0.213
0.218
0.221
0.221
0.221
0.221
0.221
0.221
0.221
0.221
0.221
0.222
0.218
0.218
0.218
0.221
0.221
0.221
0.221
0.221
0.223
0.223
0.224
0.225
0.225
0.225
0.224
0.224
0.224
0.224
0.227
0.228
0.228
0.228
0.228
0.227
0.227
0.227
0.228
0.234
0.236
0.236
0.236
0.236
0.237
0.237
0.237
0.237
0.237
0.238
0.238
0.235
0.235
0.237
0.237
0.242
0.242
0.243
0.242
0.24
0.24
0.24
0.24
0.241
0.241
0.241
0.242
0.242
0.243
0.243
0.247
0.247
0.248
0.25
0.25
0.253
0.253
0.255
0.256
0.255
0.255
0.255
0.257
0.257
0.26
0.26
0.265
0.265
0.265
0.264
0.265
0.27
0.27
0.274
0.274
0.274
0.274
0.274
0.274
0.277
0.277
0.283
0.283
0.291
0.283
0.281
0.281
0.284
0.284
0.286
0.296
0.297
0.297
0.297
0.297
0.303
0.303
0.303
0.304
0.304
0.306
0.307
0.307
0.308
0.315
0.316
0.316
0.316
0.322
0.322
0.323
0.331
0.331
0.331
0.33
0.33
0.33
0.335
0.34
0.35
0.35
0.351
0.353
0.353
0.357
0.359
0.357
0.36
0.363
0.363
0.364
0.37
0.373
0.376
0.38
0.38
0.383
0.39
0.392
0.392
0.392
0.392
0.399
0.4
0.409
0.41
0.413
0.414
0.414
0.425
0.426
0.432
0.434
0.439
0.44
0.44
0.44
0.451
0.454
0.458
0.462
0.464
0.466
0.47
0.473
0.48
0.486
0.499
0.499
0.499
0.507
0.507
0.507
0.523
0.533
0.534
0.536
0.54
0.551
0.558
0.562
0.567
0.586
0.586
0.587
0.588
0.587
0.586
0.587
0.585
0.584
0.582
0.582
0.58
0.58
0.577
0.58
0.58
0.58
0.58
0.58
0.58
0.58
0.578
0.574
0.575
0.575
0.569
0.569
0.572
0.569
0.572
0.572
0.567
0.563
0.563
0.563
0.566
0.566
0.566
0.562
0.558
0.556
0.556
0.556
0.556
0.56
0.562
0.562
0.562
0.562
0.56
0.56
0.556
0.56
0.56
0.558
0.556
0.556
0.555
0.556
0.556
0.562
0.562
0.562
0.562
0.555
0.553
0.555
0.555
0.553
0.553
0.553
0.55
0.548
0.548
0.548
0.548
0.555
0.555
0.555
0.553
0.553
0.552
0.552
0.553
0.558
0.56
0.56
0.56
0.558
0.558
0.557
0.558
0.558
0.554
0.554
0.554
0.554
0.558
0.558
0.558
0.558
0.558
0.558
0.558
0.558
0.561
0.561
0.557
0.561
0.561
0.56
0.564
0.567
0.564
0.56
0.568
0.569
0.57
0.573
0.576
0.576
0.575
0.576
0.575
0.575
0.575
0.572
0.572
0.572
0.572
0.574
0.574
0.574
0.576
0.579
0.583
0.583
0.583
0.583
0.585
0.583
0.588
0.59
0.588
0.588
0.59
0.59
0.59
0.59
0.59
0.59
0.595
0.596
0.596
0.596
0.6
0.6
0.6
0.6
0.607
0.607
0.607
0.609
0.608
0.606
0.608
0.61
0.613
0.614
0.614
0.616
0.616
0.616
0.617
0.617
0.617
0.617
0.617
0.624
0.624
0.625
0.625
0.627
0.625
0.627
0.627
0.634
0.638
0.638
0.638
0.642
0.645
0.647
0.648
0.649
0.652
0.652
0.652
0.659
0.708
1.038
1.11
1.131
1.155
1.16
1.16
1.17
1.175
1.179
1.179
1.184
1.189
1.192
1.195
1.199
1.207
1.208
1.211
1.214
1.214
1.221
1.223
1.231
1.233
1.234
1.239
1.246
1.247
1.25
1.254
1.255
1.266
1.267
1.271
1.271
1.282
1.287
1.287
1.287
1.283
1.27
1.266
1.261
1.253
1.253
1.241
1.239
1.226
1.223
1.216
1.208
1.205
1.203
1.197
1.189
1.184
1.17
1.166
1.164
1.163
1.161
1.15
1.141
1.14
1.139
1.125
1.125
1.124
1.124
1.119
1.115
1.11
1.096
1.095
1.094
1.091
1.087
1.085
1.075
1.073
1.071
1.067
1.063
1.063
1.057
1.052
1.044
1.044
1.037
1.036
1.035
1.034
1.031
1.026
1.014
1.013
1.009
1.009
1.009
1.006
0.999
0.997
0.997
0.994
0.989
0.989
0.984
0.984
0.986
0.983
0.983
0.977
0.967
0.964
0.962
0.959
0.959
0.959
0.959
0.959
0.953
0.953
0.952
0.951
0.947
0.946
0.941
0.939
0.939
0.937
0.937
0.936
0.93
0.93
0.919
0.917
0.916
0.914
0.914
0.911
0.91
0.908
0.906
0.898
0.898
0.896
0.888
0.895
0.895
0.892
0.887
0.887
0.887
0.887
0.887
0.887
0.887
0.886
0.882
0.882
0.876
0.876
0.876
0.875
0.872
0.869
0.872
0.869
0.869
0.867
0.863
0.852
0.852
0.85
0.852
0.852
0.854
0.854
0.856
0.854
0.852
0.848
0.844
0.834
0.831
0.815
0.719
0.531
0.433
0.389
0.347
0.324
0.318
0.318
0.318
0.318
0.32
0.32
0.32
0.316
0.315
0.315
0.321
0.323
0.323
0.323
0.323
0.318
0.318
0.319
0.319
0.319
0.319
0.319
0.317
0.315
0.315
0.314
0.315
0.315
0.315
0.317
0.319
0.317
0.316
0.317
0.316
0.314
0.314
0.315
0.315
0.315
0.316
0.315
0.316
0.318
0.318
0.313
0.313
0.313
0.313
0.315
0.315
0.316
0.316
0.315
0.314
0.312
0.312
0.312
0.314
0.315
0.315
0.315
0.317
0.318
0.322
0.322
0.324
0.324
0.317
0.313
0.313
0.313
0.317
0.32
0.32
0.32
0.324
0.324
0.324
0.32
0.32
0.32
0.322
0.322
0.322
0.324
0.325
0.328
0.328
0.328
0.325
0.324
0.324
0.325
0.325
0.326
0.326
0.325
0.325
0.326
0.327
0.328
0.328
0.328
0.327
0.325
0.324
0.324
0.324
0.325
0.324
0.332
0.334
0.332
0.331
0.332
0.332
0.332
0.332
0.335
0.335
0.335
0.335
0.341
0.341
0.345
0.345
0.345
0.345
0.338
0.338
0.345
0.345
0.341
0.341
0.34
0.34
0.34
0.346
0.351
0.351
0.352
0.354
0.358
0.358
0.358
0.356
0.356
0.356
0.358
0.358
0.36
0.362
0.367
0.37
0.37
0.37
0.37
0.373
0.373
0.374
0.374
0.375
0.374
0.374
0.361
0.356
0.354
0.354
0.353
0.351
0.348
0.337
0.337
0.337
0.336
0.335
0.331
0.325
0.324
0.324
0.324
0.319
0.319
0.31
0.309
0.309
0.31
0.31
0.309
0.305
0.305
0.304
0.304
0.303
0.303
0.294
0.293
0.293
0.293
0.293
0.293
0.292
0.29
0.29
0.279
0.274
0.274
0.273
0.273
0.277
0.277
0.272
0.272
0.272
0.271
0.271
0.271
0.269
0.267
0.269
0.269
0.267
0.265
0.267
0.265
