0.28
0.28
0.28
0.28
0.28
0.28
0.284
0.284
0.284
0.284
0.284
0.287
0.287
0.292
0.287
0.287
0.292
0.293
0.304
0.304
0.306
0.309
0.309
0.309
0.309
0.312
0.312
0.313
0.32
0.32
0.32
0.32
0.32
0.323
0.33
0.33
0.33
0.333
0.333
0.333
0.334
0.339
0.341
0.344
0.344
0.35
0.352
0.353
0.353
0.353
0.357
0.36
0.363
0.363
0.363
0.366
0.371
0.372
0.378
0.378
0.378
0.384
0.386
0.389
0.39
0.398
0.4
0.403
0.409
0.409
0.409
0.411
0.416
0.417
0.423
0.428
0.436
0.437
0.437
0.449
0.449
0.455
0.455
0.458
0.467
0.468
0.474
0.475
0.488
0.49
0.496
0.497
0.504
0.507
0.51
0.517
0.528
0.53
0.531
0.543
0.548
0.56
0.56
0.565
0.574
0.586
0.586
0.586
0.588
0.588
0.582
0.582
0.578
0.573
0.571
0.57
0.569
0.566
0.569
0.566
0.566
0.569
0.57
0.57
0.57
0.57
0.572
0.573
0.572
0.572
0.571
0.569
0.568
0.566
0.566
0.567
0.567
0.567
0.571
0.567
0.57
0.57
0.57
0.57
0.57
0.57
0.567
0.565
0.565
0.564
0.564
0.562
0.562
0.56
0.56
0.564
0.565
0.565
0.565
0.564
0.563
0.56
0.56
0.561
0.561
0.559
0.559
0.559
0.559
0.558
0.566
0.566
0.562
0.559
0.562
0.559
0.561
0.561
0.561
0.558
0.556
0.555
0.555
0.556
0.556
0.562
0.562
0.56
0.56
0.563
0.564
0.564
0.57
0.57
0.565
0.564
0.565
0.564
0.564
0.564
0.562
0.562
0.57
0.564
0.566
0.567
0.566
0.566
0.566
0.567
0.567
0.567
0.563
0.572
0.568
0.568
0.572
0.572
0.572
0.572
0.571
0.571
0.573
0.571
0.571
0.578
0.574
0.574
0.576
0.577
0.577
0.578
0.579
0.58
0.582
0.58
0.581
0.581
0.581
0.577
0.581
0.58
0.58
0.583
0.583
0.583
0.585
0.586
0.586
0.586
0.584
0.584
0.584
0.588
0.598
0.598
0.598
0.598
0.6
0.601
0.601
0.604
0.604
0.6
0.6
0.606
0.605
0.606
0.607
0.609
0.613
0.616
0.616
0.617
0.617
0.62
0.62
0.621
0.621
0.625
0.625
0.628
0.628
0.628
0.627
0.624
0.621
0.621
0.624
0.626
0.634
0.637
0.638
0.638
0.638
0.64
0.64
0.642
0.648
0.648
0.648
0.651
0.656
0.682
0.754
1.051
1.128
1.151
1.156
1.174
1.174
1.174
1.175
1.18
1.185
1.186
1.191
1.196
1.205
1.21
1.21
1.21
1.21
1.211
1.218
1.225
1.227
1.234
1.235
1.249
1.251
1.252
1.254
1.259
1.261
1.262
1.263
1.264
1.279
1.28
1.284
1.284
1.284
1.281
1.266
1.264
1.262
1.252
1.246
1.235
1.232
1.232
1.226
1.225
1.214
1.201
1.197
1.194
1.19
1.189
1.179
1.167
1.167
1.159
1.152
1.146
1.143
1.14
1.135
1.132
1.131
1.119
1.118
1.116
1.113
1.111
1.1
1.1
1.097
1.094
1.091
1.09
1.084
1.078
1.076
1.071
1.068
1.067
1.057
1.051
1.045
1.045
1.044
1.044
1.032
1.026
1.025
1.023
1.02
1.017
1.013
1.013
1.01
1.004
1.004
1.004
1.004
1.003
0.999
0.989
0.983
0.982
0.981
0.98
0.975
0.975
0.969
0.969
0.967
0.965
0.961
0.952
0.952
0.95
0.952
0.949
0.948
0.946
0.946
0.944
0.944
0.939
0.935
0.935
0.935
0.935
0.932
0.927
0.926
0.925
0.924
0.92
0.917
0.917
0.917
0.916
0.907
0.9
0.897
0.896
0.896
0.896
0.896
0.895
0.896
0.895
0.894
0.887
0.886
0.883
0.881
0.88
0.879
0.879
0.878
0.876
0.875
0.871
0.871
0.869
0.866
0.863
0.855
0.855
0.855
0.855
0.855
0.843
0.843
0.843
0.842
0.842
0.841
0.841
0.84
0.836
0.829
0.82
0.82
0.818
0.801
0.749
0.621
0.391
0.337
0.333
0.327
0.327
0.325
0.322
0.322
0.322
0.322
0.322
0.315
0.314
0.313
0.314
0.314
0.314
0.313
0.315
0.315
0.315
0.315
0.317
0.317
0.315
0.315
0.315
0.313
0.313
0.313
0.313
0.313
0.313
0.313
0.317
0.317
0.309
0.31
0.31
0.31
0.31
0.31
0.312
0.312
0.315
0.315
0.316
0.316
0.316
0.314
0.316
0.317
0.317
0.314
0.314
0.312
0.312
0.312
0.312
0.314
0.314
0.313
0.314
0.313
0.313
0.32
0.321
0.321
0.321
0.321
0.32
0.32
0.32
0.32
0.32
0.327
0.318
0.324
0.324
0.317
0.317
0.324
0.321
0.327
0.327
0.321
0.321
0.318
0.318
0.318
0.318
0.319
0.32
0.323
0.327
0.328
0.328
0.327
0.325
0.325
0.324
0.324
0.325
0.326
0.329
0.332
0.332
0.332
0.335
0.332
0.33
0.328
0.328
0.328
0.328
0.334
0.335
0.336
0.339
0.336
0.337
0.339
0.339
0.337
0.339
0.339
0.339
0.339
0.339
0.339
0.34
0.345
0.347
0.347
0.343
0.347
0.347
0.347
0.347
0.357
0.359
0.359
0.359
0.357
0.359
0.356
0.356
0.359
0.359
0.359
0.359
0.359
0.362
0.363
0.368
0.368
0.368
0.368
0.368
0.372
0.374
0.377
0.377
0.377
0.377
0.374
0.371
0.362
0.361
0.358
0.352
0.35
0.35
0.349
0.345
0.343
0.343
0.336
0.336
0.336
0.336
0.331
0.329
0.322
0.319
0.319
0.316
0.313
0.312
0.311
0.308
0.308
0.305
0.305
0.302
0.301
0.299
0.301
0.301
0.301
0.301
0.301
0.296
0.292
0.291
0.289
0.285
0.285
0.282
0.282
0.282
0.282
0.278
0.275
0.274
0.275
0.277
0.272
0.271
0.271
0.262
0.262
0.268
0.267
0.268
0.268
0.267
0.266
0.266
0.259
0.257
0.257
0.257
0.257
0.257
0.257
0.257
0.249
0.249
0.247
0.242
0.242
0.242
0.242
0.244
0.244
0.244
0.244
0.239
0.235
0.235
0.241
0.241
0.241
0.241
0.241
0.239
0.238
0.238
0.238
0.236
0.231
0.231
0.23
0.228
0.224
0.224
0.224
0.229
0.23
0.232
0.23
0.229
0.229
0.224
0.224
0.224
0.224
0.224
0.224
0.224
0.218
0.217
0.217
0.217
0.219
0.224
0.224
0.224
0.222
0.222
0.221
0.215
0.212
0.221
0.212
0.212
0.213
0.213
0.211
0.212
0.212
0.212
0.214
0.214
0.219
0.214
0.218
0.21
0.21
0.21
0.215
0.21
0.206
0.214
0.206
0.206
0.213
0.214
0.213
0.213
0.213
0.208
0.208
0.208
0.209
0.208
0.205
0.204
0.204
0.203
0.203
0.203
0.203
0.197
0.197
0.197
0.198
0.202
0.202
0.201
0.199
0.199
0.199
0.199
0.199
0.203
0.203
0.203
0.201
0.201
0.201
0.202
0.202
0.203
0.202
0.202
0.199
0.199
0.199
0.201
0.201
0.201
0.201
0.198
0.198
0.198
0.198
0.198
0.198
0.199
0.199
0.197
0.197
0.195
0.19
0.19
0.194
0.194
0.194
0.194
0.194
0.194
0.192
0.192
0.192
0.192
0.192
0.192
0.191
0.192
0.191
0.194
0.197
0.197
0.197
0.197
0.195
0.194
0.194
0.19
0.19
0.194
0.193
0.198
0.198
0.194
0.193
0.192
0.19
0.19
0.19
0.187
0.187
0.19
0.191
0.191
0.192
0.192
0.191
0.192
0.193
0.197
0.197
0.198
0.198
0.193
0.193
0.194
0.194
0.195
0.196
0.196
0.195
0.191
0.189
0.189
0.191
0.191
0.191
0.196
0.196
0.191
0.197
0.198
0.199
0.199
0.2
0.202
0.202
0.196
0.199
0.199
0.199
0.199
0.199
0.201
0.201
0.201
0.201
0.204
0.204
0.199
0.199
0.199
0.199
0.199
0.199
0.199
0.199
0.199
0.199
0.199
0.199
0.199
0.202
0.202
0.202
0.202
0.202
0.204
0.204
0.204
0.201
0.203
0.203
0.208
0.206
0.207
0.212
0.207
0.207
0.207
0.21
0.21
0.21
0.206
0.206
0.206
0.206
0.215
0.215
0.215
0.207
0.207
0.207
0.213
0.215
0.215
0.213
0.211
0.21
0.21
0.21
0.208
0.206
0.208
0.208
0.213
0.219
0.221
0.221
0.221
0.221
0.221
0.221
0.221
0.221
0.221
0.223
0.223
0.222
0.222
0.226
0.222
0.222
0.222
0.219
0.219
0.219
0.221
0.226
0.229
0.227
0.229
0.231
0.233
0.235
0.235
0.235
0.235
0.235
0.232
0.242
0.242
0.242
0.242
0.242
0.242
0.242
0.242
0.242
0.24
0.242
0.242
0.248
0.254
0.254
0.255
0.255
0.255
0.256
0.256
0.258
0.26
0.261
0.261
0.261
0.263
0.265
0.266
0.269
0.269
0.273
0.274
0.274
0.274
