0.32
0.32
0.326
0.32
0.32
0.33
0.332
0.332
0.334
0.334
0.332
0.333
0.333
0.333
0.333
0.335
0.337
0.338
0.336
0.336
0.34
0.341
0.343
0.344
0.344
0.343
0.342
0.342
0.341
0.341
0.342
0.346
0.346
0.347
0.347
0.347
0.346
0.346
0.346
0.358
0.363
0.363
0.363
0.362
0.361
0.358
0.361
0.361
0.358
0.366
0.366
0.366
0.366
0.367
0.367
0.367
0.359
0.356
0.354
0.353
0.349
0.347
0.341
0.339
0.338
0.332
0.332
0.326
0.326
0.326
0.326
0.324
0.324
0.314
0.308
0.308
0.308
0.309
0.309
0.309
0.297
0.295
0.295
0.297
0.297
0.295
0.299
0.293
0.292
0.292
0.299
0.294
0.299
0.299
0.294
0.292
0.29
0.289
0.288
0.286
0.286
0.283
0.28
0.28
0.279
0.278
0.274
0.273
0.272
0.269
0.269
0.272
0.272
0.266
0.265
0.265
0.263
0.261
0.26
0.26
0.258
0.261
0.261
0.261
0.261
0.266
0.266
0.257
0.258
0.257
0.257
0.257
0.257
0.256
0.255
0.251
0.251
0.251
0.251
0.248
0.248
0.247
0.242
0.242
0.243
0.242
0.243
0.243
0.242
0.237
0.233
0.231
0.23
0.229
0.229
0.229
0.23
0.229
0.229
0.229
0.229
0.227
0.229
0.231
0.231
0.23
0.23
0.229
0.229
0.228
0.228
0.22
0.22
0.22
0.22
0.22
0.22
0.221
0.22
0.22
0.218
0.211
0.209
0.209
0.211
0.212
0.212
0.212
0.212
0.212
0.212
0.213
0.219
0.219
0.213
0.207
0.207
0.207
0.21
0.211
0.211
0.211
0.209
0.207
0.202
0.202
0.206
0.203
0.206
0.208
0.208
0.204
0.206
0.204
0.201
0.201
0.206
0.205
0.208
0.208
0.211
0.211
0.211
0.205
0.204
0.203
0.203
0.203
0.205
0.205
0.206
0.205
0.205
0.206
0.206
0.206
0.206
0.203
0.2
0.2
0.2
0.198
0.192
0.189
0.189
0.192
0.199
0.199
0.199
0.198
0.198
0.195
0.19
0.19
0.191
0.191
0.19
0.191
0.191
0.192
0.196
0.197
0.197
0.197
0.19
0.19
0.19
0.19
0.191
0.191
0.191
0.191
0.192
0.192
0.194
0.194
0.194
0.194
0.194
0.193
0.193
0.189
0.186
0.186
0.186
0.189
0.195
0.195
0.195
0.194
0.195
0.194
0.196
0.194
0.194
0.188
0.188
0.188
0.194
0.195
0.196
0.195
0.195
0.195
0.192
0.191
0.191
0.189
0.189
0.189
0.189
0.189
0.197
0.197
0.189
0.189
0.19
0.19
0.19
0.19
0.19
0.191
0.191
0.191
0.195
0.195
0.191
0.192
0.192
0.192
0.192
0.196
0.196
0.196
0.2
0.2
0.199
0.199
0.199
0.198
0.198
0.195
0.198
0.195
0.194
0.193
0.193
0.193
0.201
0.201
0.201
0.201
0.202
0.202
0.202
0.203
0.202
0.201
0.198
0.201
0.198
0.196
0.196
0.196
0.196
0.2
0.202
0.202
0.202
0.192
0.192
0.192
0.197
0.197
0.197
0.193
0.188
0.188
0.193
0.195
0.202
0.202
0.201
0.195
0.194
0.191
0.191
0.189
0.189
0.189
0.189
0.189
0.193
0.193
0.203
0.214
0.217
0.217
0.217
0.217
0.214
0.212
0.21
0.21
0.209
0.21
0.215
0.216
0.216
0.216
0.216
0.216
0.217
0.218
0.218
0.22
0.22
0.22
0.22
0.22
0.22
0.22
0.22
0.219
0.22
0.22
0.221
0.222
0.223
0.227
0.227
0.227
0.225
0.227
0.229
0.23
0.23
0.233
0.233
0.232
0.232
0.234
0.234
0.237
0.239
0.239
0.239
0.241
0.241
0.238
0.238
0.245
0.249
0.253
0.254
0.254
0.254
0.254
0.251
0.251
0.245
0.245
0.251
0.255
0.256
0.256
0.256
0.258
0.258
0.265
0.265
0.265
0.265
0.26
0.26
0.265
0.269
0.274
0.274
0.274
0.274
0.275
0.275
0.278
0.278
0.278
0.278
0.278
0.275
0.271
0.268
0.268
0.267
0.267
0.267
0.267
0.256
0.256
0.254
0.256
0.261
0.261
0.254
0.25
0.25
0.25
0.253
0.253
0.255
0.253
0.245
0.245
0.245
0.241
0.238
0.238
0.237
0.237
0.237
0.237
0.236
0.236
0.234
0.236
0.234
0.234
0.233
0.231
0.231
0.224
0.231
0.232
0.232
0.229
0.232
0.229
0.225
0.225
0.224
0.224
0.224
0.224
0.225
0.225
0.225
0.225
0.226
0.226
0.227
0.228
0.227
0.225
0.217
0.217
0.213
0.213
0.213
0.219
0.219
0.221
0.22
0.219
0.217
0.22
0.22
0.216
0.216
0.212
0.212
0.21
0.21
0.21
0.21
0.21
0.21
0.209
0.206
0.206
0.206
0.215
0.215
0.218
0.218
0.207
0.205
0.207
0.207
0.205
0.217
0.217
0.212
0.212
0.212
0.212
0.213
0.213
0.207
0.211
0.203
0.203
0.204
0.207
0.204
0.207
0.207
0.207
0.207
0.208
0.207
0.204
0.202
0.202
0.202
0.202
0.202
0.207
0.207
0.207
0.204
0.202
0.201
0.202
0.202
0.204
0.206
0.206
0.206
0.204
0.198
0.198
0.199
0.199
0.199
0.202
0.207
0.202
0.203
0.203
0.203
0.203
0.203
0.205
0.203
0.204
0.205
0.204
0.204
0.204
0.205
0.206
0.208
0.208
0.208
0.208
0.205
0.205
0.204
0.2
0.2
0.199
0.199
0.199
0.2
0.2
0.2
0.199
0.204
0.199
0.199
0.205
0.205
0.2
0.205
0.202
0.2
0.202
0.205
0.202
0.2
0.2
0.2
0.199
0.199
0.201
0.201
0.201
0.201
0.2
0.2
0.207
0.205
0.205
0.207
0.208
0.205
0.208
0.208
0.203
0.203
0.203
0.203
0.205
0.205
0.211
0.211
0.211
0.215
0.214
0.21
0.21
0.21
0.209
0.207
0.202
0.206
0.206
0.206
0.206
0.208
0.21
0.213
0.213
0.211
0.213
0.211
0.21
0.21
0.21
0.21
0.211
0.214
0.214
0.211
0.214
0.208
0.208
0.214
0.217
0.221
0.221
0.219
0.218
0.219
0.218
0.215
0.215
0.215
0.215
0.215
0.216
0.216
0.22
0.216
0.22
0.219
0.22
0.223
0.223
0.222
0.223
0.223
0.226
0.227
0.227
0.227
0.228
0.228
0.227
0.229
0.229
0.223
0.223
0.223
0.223
0.23
0.23
0.231
0.234
0.234
0.232
0.234
0.232
0.232
0.23
0.234
0.235
0.235
0.232
0.239
0.238
0.238
0.246
0.246
0.246
0.246
0.246
0.245
0.246
0.25
0.25
0.251
0.252
0.252
0.254
0.254
0.256
0.252
0.257
0.252
0.257
0.26
0.26
0.262
0.262
0.259
0.259
0.259
0.259
0.259
0.26
0.262
0.263
0.267
0.267
0.267
0.266
0.263
0.263
0.266
0.266
0.277
0.277
0.281
0.281
0.281
0.281
0.281
0.282
0.277
0.282
0.282
0.282
0.29
0.29
0.294
0.293
0.296
0.297
0.299
0.304
0.305
0.305
0.304
0.307
0.307
0.307
0.309
0.315
0.315
0.317
0.321
0.315
0.322
0.324
0.328
0.328
0.328
0.333
0.337
0.339
0.339
0.339
0.34
0.339
0.339
0.347
0.353
0.353
0.358
0.356
0.357
0.357
0.362
0.362
0.362
0.365
0.369
0.369
0.373
0.374
0.381
0.388
0.388
0.388
0.388
0.392
0.397
0.397
0.402
0.404
0.41
0.414
0.418
0.42
0.421
0.423
0.423
0.434
0.437
0.44
0.443
0.445
0.453
0.462
0.463
0.47
0.472
0.473
0.474
0.481
0.484
0.49
0.493
0.497
0.498
0.514
0.517
0.52
0.526
0.528
0.532
0.535
0.54
0.554
0.564
0.564
0.577
0.587
0.588
0.588
0.592
0.592
0.592
0.592
0.592
0.587
0.586
0.585
0.585
0.584
0.584
0.584
0.584
0.58
0.58
0.581
0.581
0.581
0.581
0.581
0.581
0.572
0.581
0.575
0.572
0.573
0.574
0.573
0.573
0.574
0.577
0.577
0.578
0.577
0.574
0.574
0.574
0.571
0.574
0.572
0.571
0.572
0.572
0.572
0.568
0.572
0.567
0.566
0.563
0.563
0.563
0.561
0.57
0.57
0.563
0.561
0.563
0.563
0.566
0.566
0.566
0.567
0.567
0.567
0.567
0.567
0.566
0.565
0.565
0.565
0.565
0.565
0.563
0.564
0.563
0.563
0.562
0.564
0.564
0.564
0.567
0.567
0.566
0.566
0.569
0.566
0.57
0.57
0.565
0.564
0.565
0.564
0.565
0.564
0.565
0.562
0.565
0.562
0.565
0.566
0.568
0.566
0.566
0.565
0.565
0.564
0.564
0.564
0.565
0.571
0.571
0.57
0.57
0.57
0.57
0.569
0.572
0.572
0.566
0.566
0.572
0.573
0.573
0.573
0.573
0.573
0.572
0.573
0.575
0.58
0.58
0.58
0.578
0.578
0.578
0.579
0.58
0.58
0.58
0.58
