0.185
0.186
0.191
0.191
0.194
0.196
0.194
0.194
0.194
0.194
0.185
0.184
0.184
0.184
0.188
0.19
0.192
0.205
0.21
0.21
0.21
0.2
0.191
0.191
0.2
0.2
0.205
0.209
0.214
0.214
0.214
0.214
0.213
0.213
0.215
0.219
0.219
0.219
0.219
0.219
0.219
0.218
0.218
0.22
0.22
0.22
0.22
0.22
0.222
0.224
0.231
0.231
0.231
0.231
0.231
0.233
0.233
0.231
0.233
0.233
0.235
0.238
0.241
0.243
0.242
0.243
0.243
0.243
0.251
0.251
0.251
0.251
0.243
0.242
0.242
0.242
0.243
0.245
0.247
0.247
0.251
0.251
0.25
0.25
0.25
0.25
0.254
0.256
0.261
0.267
0.267
0.272
0.267
0.265
0.265
0.272
0.272
0.272
0.272
0.272
0.272
0.272
0.272
0.275
0.275
0.276
0.276
0.276
0.276
0.275
0.275
0.275
0.275
0.275
0.277
0.278
0.28
0.28
0.281
0.281
0.281
0.277
0.277
0.277
0.282
0.274
0.281
0.281
0.276
0.27
0.274
0.264
0.262
0.262
0.262
0.262
0.262
0.262
0.262
0.262
0.262
0.259
0.258
0.259
0.259
0.255
0.255
0.252
0.251
0.25
0.248
0.248
0.246
0.241
0.24
0.241
0.241
0.242
0.243
0.246
0.246
0.246
0.246
0.245
0.241
0.232
0.23
0.229
0.23
0.23
0.23
0.23
0.231
0.234
0.234
0.234
0.234
0.228
0.223
0.222
0.222
0.222
0.222
0.222
0.222
0.222
0.222
0.219
0.219
0.219
0.222
0.228
0.228
0.222
0.222
0.222
0.222
0.222
0.222
0.218
0.218
0.22
0.22
0.22
0.221
0.221
0.223
0.223
0.223
0.221
0.216
0.216
0.216
0.221
0.218
0.218
0.216
0.218
0.218
0.221
0.221
0.221
0.216
0.215
0.215
0.21
0.21
0.21
0.211
0.211
0.211
0.21
0.211
0.208
0.208
0.208
0.207
0.207
0.207
0.207
0.207
0.209
0.209
0.207
0.207
0.209
0.209
0.206
0.209
0.209
0.209
0.206
0.209
0.202
0.204
0.202
0.202
0.201
0.201
0.201
0.202
0.204
0.208
0.204
0.204
0.207
0.207
0.204
0.207
0.207
0.202
0.202
0.204
0.203
0.203
0.204
0.203
0.203
0.198
0.203
0.202
0.203
0.202
0.202
0.199
0.199
0.199
0.202
0.202
0.202
0.2
0.2
0.2
0.205
0.206
0.206
0.206
0.204
0.199
0.199
0.204
0.205
0.206
0.206
0.206
0.202
0.202
0.197
0.191
0.191
0.191
0.202
0.204
0.204
0.205
0.204
0.205
0.205
0.208
0.208
0.21
0.208
0.207
0.204
0.204
0.204
0.207
0.211
0.213
0.213
0.212
0.212
0.212
0.207
0.209
0.209
0.209
0.209
0.21
0.21
0.208
0.206
0.206
0.203
0.203
0.203
0.204
0.206
0.209
0.209
0.209
0.209
0.21
0.211
0.211
0.211
0.209
0.209
0.209
0.209
0.211
0.215
0.215
0.211
0.215
0.208
0.208
0.215
0.216
0.216
0.216
0.218
0.218
0.222
0.222
0.222
0.22
0.22
0.219
0.218
0.219
0.219
0.218
0.218
0.222
0.222
0.225
0.225
0.225
0.221
0.215
0.215
0.221
0.224
0.224
0.224
0.223
0.223
0.223
0.225
0.225
0.228
0.225
0.229
0.229
0.229
0.228
0.23
0.228
0.228
0.23
0.23
0.224
0.23
0.224
0.224
0.234
0.235
0.235
0.236
0.236
0.241
0.241
0.241
0.243
0.241
0.244
0.244
0.244
0.241
0.244
0.242
0.244
0.244
0.246
0.253
0.253
0.254
0.254
0.254
0.255
0.256
0.256
0.26
0.26
0.26
0.261
0.263
0.262
0.263
0.269
0.269
0.268
0.268
0.268
0.268
0.267
0.268
0.269
0.268
0.267
0.267
0.267
0.267
0.273
0.28
0.282
0.283
0.284
0.284
0.284
0.286
0.286
0.287
0.287
0.289
0.29
0.29
0.289
0.289
0.29
0.295
0.296
0.305
0.305
0.31
0.31
0.313
0.315
0.315
0.316
0.318
0.318
0.318
0.318
0.322
0.322
0.325
0.325
0.329
0.334
0.335
0.335
0.337
0.337
0.341
0.342
0.344
0.349
0.349
0.356
0.357
0.358
0.364
0.369
0.372
0.373
0.374
0.377
0.38
0.381
0.384
0.389
0.389
0.389
0.389
0.389
0.395
0.408
0.408
0.409
0.408
0.408
0.411
0.415
0.418
0.431
0.434
0.434
0.434
0.446
0.447
0.447
0.447
0.458
0.458
0.459
0.464
0.476
0.484
0.485
0.487
0.491
0.493
0.5
0.504
0.512
0.513
0.517
0.522
0.524
0.529
0.53
0.544
0.552
0.569
0.572
0.581
0.581
0.583
0.583
0.583
0.588
0.588
0.588
0.583
0.582
0.578
0.578
0.578
0.577
0.575
0.572
0.572
0.572
0.575
0.577
0.577
0.575
0.574
0.574
0.574
0.574
0.572
0.568
0.567
0.567
0.567
0.567
0.568
0.568
0.568
0.568
0.568
0.568
0.571
0.571
0.571
0.57
0.567
0.567
0.567
0.567
0.567
0.57
0.57
0.569
0.569
0.569
0.569
0.569
0.569
0.569
0.568
0.567
0.567
0.567
0.568
0.568
0.568
0.568
0.567
0.564
0.56
0.56
0.56
0.561
0.561
0.561
0.561
0.56
0.559
0.559
0.559
0.558
0.559
0.558
0.558
0.56
0.562
0.566
0.57
0.57
0.57
0.563
0.563
0.563
0.564
0.564
0.568
0.568
0.568
0.568
0.568
0.568
0.568
0.57
0.57
0.57
0.569
0.569
0.569
0.568
0.568
0.575
0.577
0.577
0.577
0.577
0.577
0.58
0.581
0.581
0.581
0.581
0.582
0.58
0.582
0.582
0.583
0.583
0.585
0.586
0.586
0.585
0.585
0.585
0.585
0.585
0.586
0.586
0.588
0.589
0.592
0.589
0.589
0.592
0.593
0.594
0.594
0.596
0.596
0.597
0.597
0.599
0.597
0.598
0.598
0.6
0.6
0.601
0.603
0.604
0.606
0.608
0.608
0.608
0.603
0.603
0.603
0.609
0.609
0.609
0.613
0.613
0.615
0.615
0.618
0.618
0.618
0.625
0.625
0.628
0.631
0.632
0.632
0.632
0.633
0.633
0.637
0.641
0.643
0.643
0.643
0.638
0.638
0.638
0.646
0.651
0.651
0.654
0.654
0.654
0.654
0.665
0.689
1.062
1.125
1.15
1.15
1.166
1.168
1.174
1.178
1.18
1.183
1.184
1.195
1.196
1.197
1.2
1.207
1.207
1.209
1.22
1.225
1.225
1.227
1.232
1.232
1.233
1.235
1.246
1.249
1.249
1.251
1.261
1.264
1.267
1.272
1.278
1.286
1.289
1.289
1.289
1.276
1.271
1.263
1.261
1.248
1.248
1.247
1.235
1.23
1.225
1.221
1.212
1.206
1.205
1.191
1.189
1.186
1.178
1.174
1.17
1.163
1.162
1.157
1.153
1.153
1.145
1.135
1.132
1.121
1.12
1.117
1.11
1.108
1.108
1.107
1.098
1.089
1.084
1.083
1.08
1.073
1.071
1.066
1.064
1.059
1.059
1.057
1.049
1.048
1.047
1.045
1.04
1.035
1.033
1.032
1.028
1.024
1.018
1.017
1.012
1.008
1.002
1
1
0.998
0.998
0.983
0.982
0.982
0.977
0.977
0.975
0.974
0.975
0.971
0.967
0.967
0.962
0.955
0.955
0.954
0.951
0.947
0.944
0.942
0.94
0.94
0.939
0.939
0.939
0.934
0.934
0.93
0.929
0.922
0.922
0.922
0.92
0.919
0.919
0.919
0.911
0.909
0.908
0.908
0.905
0.905
0.901
0.901
0.899
0.895
0.891
0.89
0.89
0.89
0.89
0.89
0.884
0.884
0.884
0.882
0.879
0.879
0.879
0.879
0.878
0.874
0.873
0.873
0.867
0.862
0.855
0.855
0.852
0.852
0.855
0.847
0.845
0.847
0.847
0.841
0.839
0.829
0.81
0.794
0.747
0.621
0.473
0.406
0.383
0.35
0.33
0.328
0.328
0.327
0.327
0.327
0.322
0.321
0.318
0.318
0.318
0.321
0.318
0.32
0.32
0.32
0.314
0.32
0.314
0.321
0.317
0.318
0.318
0.318
0.317
0.315
0.315
0.315
0.315
0.315
0.313
0.313
0.313
0.313
0.313
0.313
0.31
0.31
0.312
0.312
0.313
0.313
0.312
0.314
0.314
0.314
0.315
0.315
0.316
0.315
0.315
0.312
0.312
0.306
0.312
0.313
0.315
0.315
0.315
0.315
0.315
0.316
0.316
0.316
0.313
0.313
0.311
0.313
0.313
0.315
0.315
0.321
0.315
0.316
0.316
0.316
0.316
0.32
0.322
0.326
0.326
0.326
0.32
0.32
0.319
0.319
0.319
0.321
0.321
0.321
0.321
0.321
0.328
0.328
0.328
0.321
0.32
0.32
0.321
0.321
0.321
0.323
0.323
0.324
0.324
0.324
0.324
0.324
0.327
0.329
0.332
0.333
0.333
0.335
0.333
0.333
0.324
0.324
0.324
0.331
0.335
0.335
0.332
0.332
