0.939
0.939
0.939
0.939
0.932
0.931
0.924
0.924
0.923
0.924
0.924
0.919
0.916
0.914
0.913
0.913
0.913
0.914
0.911
0.907
0.905
0.903
0.903
0.901
0.901
0.901
0.9
0.898
0.897
0.897
0.893
0.883
0.883
0.883
0.884
0.886
0.886
0.884
0.88
0.88
0.879
0.878
0.875
0.871
0.867
0.871
0.867
0.867
0.866
0.862
0.862
0.861
0.857
0.853
0.849
0.848
0.845
0.844
0.844
0.843
0.839
0.839
0.836
0.832
0.831
0.83
0.826
0.795
0.779
0.748
0.696
0.531
0.437
0.395
0.358
0.322
0.321
0.321
0.322
0.323
0.323
0.323
0.323
0.328
0.328
0.327
0.327
0.322
0.319
0.322
0.319
0.318
0.319
0.324
0.321
0.321
0.323
0.321
0.321
0.321
0.321
0.32
0.318
0.318
0.318
0.323
0.323
0.323
0.321
0.316
0.314
0.314
0.314
0.32
0.32
0.32
0.32
0.314
0.314
0.318
0.318
0.318
0.318
0.318
0.318
0.314
0.313
0.313
0.313
0.311
0.309
0.309
0.314
0.314
0.314
0.314
0.314
0.318
0.321
0.321
0.321
0.321
0.321
0.319
0.316
0.316
0.319
0.319
0.321
0.321
0.314
0.312
0.314
0.314
0.315
0.321
0.321
0.317
0.317
0.319
0.317
0.319
0.321
0.322
0.323
0.323
0.323
0.323
0.329
0.329
0.329
0.329
0.319
0.319
0.319
0.33
0.331
0.333
0.334
0.333
0.335
0.335
0.333
0.333
0.332
0.332
0.338
0.343
0.343
0.343
0.343
0.344
0.344
0.344
0.344
0.344
0.344
0.345
0.345
0.341
0.341
0.341
0.341
0.341
0.342
0.352
0.352
0.352
0.352
0.352
0.353
0.354
0.354
0.354
0.35
0.35
0.35
0.355
0.357
0.357
0.358
0.36
0.36
0.36
0.36
0.36
0.362
0.365
0.371
0.372
0.372
0.372
0.372
0.373
0.372
0.365
0.359
0.359
0.359
0.358
0.357
0.356
0.35
0.337
0.337
0.337
0.339
0.339
0.339
0.339
0.337
0.332
0.33
0.327
0.322
0.32
0.319
0.319
0.315
0.312
0.312
0.312
0.309
0.308
0.306
0.305
0.306
0.303
0.303
0.3
0.302
0.3
0.289
0.289
0.295
0.289
0.289
0.294
0.288
0.282
0.282
0.282
0.279
0.279
0.277
0.276
0.269
0.268
0.268
0.268
0.266
0.266
0.266
0.266
0.266
0.266
0.258
0.258
0.258
0.26
0.26
0.26
0.258
0.258
0.258
0.257
0.256
0.249
0.241
0.241
0.245
0.246
0.245
0.245
0.24
0.24
0.24
0.24
0.239
0.234
0.239
0.239
0.239
0.237
0.237
0.235
0.235
0.237
0.235
0.229
0.234
0.234
0.234
0.238
0.238
0.238
0.23
0.226
0.226
0.23
0.226
0.23
0.23
0.226
0.226
0.228
0.226
0.227
0.228
0.227
0.225
0.225
0.225
0.221
0.221
0.219
0.219
0.214
0.213
0.213
0.212
0.213
0.22
0.22
0.218
0.218
0.213
0.213
0.213
0.213
0.213
0.214
0.215
0.214
0.212
0.212
0.211
0.207
0.207
0.207
0.207
0.208
0.208
0.209
0.211
0.211
0.208
0.208
0.2
0.2
0.206
0.204
0.205
0.205
0.205
0.205
0.205
0.206
0.208
0.206
0.206
0.206
0.205
0.204
0.204
0.202
0.201
0.2
0.2
0.2
0.202
0.202
0.202
0.2
0.197
0.197
0.194
0.194
0.196
0.198
0.2
0.2
0.2
0.199
0.199
0.199
0.196
0.198
0.198
0.198
0.197
0.198
0.198
0.201
0.201
0.201
0.201
0.197
0.197
0.197
0.199
0.199
0.199
0.199
0.199
0.196
0.196
0.194
0.199
0.203
0.203
0.197
0.197
0.193
0.19
0.19
0.19
0.192
0.195
0.195
0.196
0.197
0.198
0.198
0.198
0.198
0.198
0.193
0.198
0.193
0.193
0.193
0.193
0.193
0.193
0.193
0.193
0.189
0.189
0.193
0.193
0.193
0.193
0.193
0.193
0.19
0.192
0.19
0.189
0.19
0.19
0.19
0.19
0.19
0.191
0.19
0.19
0.188
0.19
0.188
0.188
0.188
0.19
0.189
0.189
0.189
0.189
0.189
0.191
0.191
0.191
0.19
0.19
0.189
0.19
0.186
0.191
0.191
0.191
0.191
0.191
0.187
0.187
0.193
0.198
0.198
0.198
0.196
0.188
0.188
0.188
0.189
0.19
0.19
0.19
0.194
0.19
0.193
0.194
0.194
0.195
0.196
0.196
0.196
0.2
0.2
0.192
0.195
0.195
0.195
0.195
0.195
0.19
0.189
0.189
0.19
0.197
0.198
0.2
0.198
0.2
0.2
0.2
0.198
0.198
0.191
0.18
0.18
0.178
0.178
0.181
0.184
0.202
0.203
0.207
0.208
0.209
0.209
0.209
0.21
0.213
0.214
0.214
0.21
0.208
0.208
0.208
0.211
0.213
0.216
0.213
0.213
0.213
0.207
0.207
0.207
0.208
0.21
0.21
0.214
0.215
0.215
0.215
0.215
0.217
0.222
0.222
0.216
0.221
0.221
0.221
0.224
0.224
0.224
0.224
0.224
0.226
0.23
0.23
0.23
0.228
0.23
0.23
0.23
0.234
0.235
0.236
0.236
0.238
0.242
0.238
0.241
0.243
0.243
0.247
0.247
0.248
0.249
0.248
0.249
0.249
0.246
0.246
0.246
0.246
0.251
0.252
0.252
0.252
0.253
0.257
0.257
0.263
0.264
0.266
0.27
0.271
0.276
0.277
0.279
0.277
0.28
0.28
0.28
0.28
0.28
0.277
0.277
0.273
0.273
0.271
0.266
0.266
0.269
0.266
0.266
0.266
0.264
0.258
0.257
0.256
0.254
0.255
0.255
0.255
0.253
0.255
0.253
0.253
0.253
0.253
0.251
0.251
0.248
0.247
0.242
0.241
0.241
0.241
0.24
0.233
0.233
0.233
0.234
0.234
0.234
0.234
0.233
0.232
0.232
0.231
0.229
0.229
0.229
0.229
0.229
0.226
0.226
0.226
0.226
0.226
0.222
0.221
0.221
0.221
0.226
0.229
0.229
0.23
0.229
0.226
0.223
0.223
0.222
0.223
0.226
0.227
0.226
0.226
0.222
0.222
0.22
0.22
0.22
0.22
0.219
0.219
0.218
0.213
0.213
0.212
0.212
0.212
0.214
0.212
0.212
0.212
0.208
0.208
0.208
0.209
0.215
0.215
0.215
0.214
0.214
0.214
0.214
0.211
0.211
0.21
0.21
0.208
0.207
0.207
0.207
0.207
0.207
0.207
0.208
0.207
0.208
0.212
0.212
0.205
0.205
0.205
0.205
0.209
0.209
0.209
0.202
0.202
0.202
0.202
0.203
0.203
0.203
0.207
0.205
0.205
0.205
0.205
0.205
0.206
0.206
0.207
0.207
0.206
0.205
0.205
0.205
0.208
0.209
0.209
0.208
0.199
0.199
0.194
0.194
0.194
0.198
0.201
0.201
0.201
0.201
0.201
0.201
0.201
0.201
0.201
0.201
0.201
0.201
0.201
0.199
0.199
0.194
0.194
0.194
0.199
0.2
0.2
0.2
0.2
0.2
0.2
0.202
0.202
0.202
0.202
0.202
0.202
0.202
0.199
0.199
0.202
0.202
0.203
0.206
0.203
0.203
0.206
0.203
0.202
0.203
0.202
0.202
0.207
0.207
0.204
0.207
0.204
0.204
0.204
0.204
0.204
0.208
0.206
0.206
0.206
0.204
0.203
0.202
0.203
0.203
0.203
0.206
0.206
0.206
0.205
0.205
0.205
0.205
0.205
0.205
0.205
0.21
0.21
0.21
0.21
0.21
0.21
0.21
0.21
0.21
0.21
0.21
0.206
0.206
0.21
0.209
0.21
0.21
0.209
0.209
0.209
0.209
0.209
0.213
0.213
0.211
0.211
0.211
0.211
0.211
0.215
0.217
0.217
0.217
0.215
0.214
0.214
0.214
0.219
0.219
0.22
0.219
0.218
0.217
0.217
0.213
0.213
0.217
0.218
0.219
0.219
0.221
0.222
0.222
0.219
0.22
0.22
0.22
0.225
0.226
0.227
0.226
0.225
0.225
0.225
0.224
0.225
0.226
0.227
0.227
0.227
0.227
0.236
0.236
0.232
0.232
0.232
0.232
0.234
0.236
0.24
0.238
0.238
0.239
0.238
0.237
0.237
0.239
0.237
0.24
0.243
0.244
0.246
0.246
0.246
0.246
0.246
0.246
0.249
0.253
0.253
0.253
0.253
0.256
0.254
0.256
0.26
0.259
0.26
0.263
0.262
0.263
0.267
0.267
0.268
0.269
0.269
0.27
0.272
0.274
0.275
0.276
0.276
0.279
0.279
0.28
0.28
0.28
0.282
0.282
0.285
0.287
0.295
0.29
0.291
0.295
0.291
0.291
0.293
0.293
0.293
0.294
0.297
0.306
0.306
0.303
0.306
0.306
0.308
0.31
0.314
0.314
0.319
0.319
0.314
0.314
0.319
0.323
0.324
0.326
0.335
0.337
0.338
0.339
0.34
0.342
0.343
0.347
0.352
0.352
0.357
0.357
0.357
0.362
0.365
0.365
0.367
0.37
0.372
0.379
0.381
0.388
0.391
0.391
