0.561
0.563
0.563
0.563
0.554
0.553
0.553
0.554
0.554
0.555
0.555
0.563
0.563
0.563
0.563
0.562
0.559
0.559
0.559
0.559
0.559
0.56
0.56
0.56
0.56
0.56
0.56
0.56
0.559
0.558
0.558
0.559
0.559
0.567
0.569
0.569
0.567
0.561
0.558
0.558
0.558
0.558
0.559
0.566
0.559
0.558
0.558
0.556
0.556
0.558
0.562
0.562
0.562
0.559
0.559
0.559
0.56
0.56
0.562
0.561
0.561
0.563
0.564
0.564
0.564
0.558
0.558
0.558
0.56
0.564
0.564
0.564
0.568
0.564
0.564
0.568
0.568
0.564
0.572
0.572
0.572
0.572
0.572
0.569
0.573
0.573
0.569
0.573
0.573
0.571
0.571
0.571
0.571
0.57
0.571
0.571
0.577
0.578
0.584
0.584
0.584
0.585
0.586
0.586
0.586
0.587
0.588
0.59
0.59
0.592
0.59
0.586
0.586
0.587
0.587
0.587
0.594
0.594
0.595
0.598
0.599
0.599
0.6
0.6
0.598
0.598
0.606
0.601
0.608
0.608
0.61
0.612
0.612
0.61
0.613
0.617
0.618
0.618
0.618
0.62
0.62
0.62
0.622
0.623
0.624
0.624
0.624
0.632
0.635
0.636
0.636
0.636
0.64
0.637
0.636
0.637
0.637
0.637
0.637
0.642
0.645
0.661
0.696
0.796
1.032
1.101
1.138
1.159
1.169
1.17
1.175
1.179
1.179
1.18
1.184
1.192
1.194
1.195
1.202
1.202
1.212
1.212
1.212
1.213
1.213
1.221
1.234
1.235
1.237
1.248
1.251
1.259
1.259
1.259
1.259
1.259
1.259
1.264
1.28
1.281
1.281
1.281
1.268
1.256
1.251
1.25
1.248
1.241
1.23
1.222
1.222
1.213
1.212
1.2
1.19
1.19
1.19
1.187
1.176
1.172
1.162
1.159
1.147
1.147
1.147
1.146
1.139
1.132
1.117
1.117
1.116
1.115
1.114
1.104
1.102
1.094
1.09
1.086
1.083
1.082
1.079
1.072
1.064
1.057
1.052
1.052
1.051
1.05
1.05
1.038
1.033
1.033
1.033
1.032
1.031
1.031
1.016
1.016
1.014
1.012
1.011
1.007
1.004
1.004
1.001
1.001
0.997
0.987
0.984
0.979
0.978
0.974
0.969
0.969
0.968
0.968
0.966
0.966
0.966
0.963
0.961
0.957
0.956
0.956
0.955
0.953
0.949
0.946
0.946
0.946
0.943
0.935
0.932
0.931
0.931
0.931
0.928
0.928
0.923
0.921
0.917
0.915
0.915
0.915
0.915
0.915
0.915
0.907
0.904
0.901
0.901
0.897
0.897
0.897
0.899
0.899
0.899
0.894
0.889
0.888
0.888
0.888
0.885
0.881
0.881
0.881
0.881
0.878
0.873
0.873
0.868
0.868
0.868
0.868
0.86
0.857
0.851
0.851
0.851
0.851
0.846
0.846
0.847
0.847
0.847
0.847
0.837
0.834
0.833
0.833
0.825
0.806
0.679
0.395
0.363
0.334
0.33
0.327
0.327
0.328
0.33
0.328
0.329
0.328
0.327
0.327
0.329
0.329
0.329
0.329
0.329
0.328
0.325
0.325
0.325
0.323
0.323
0.322
0.323
0.323
0.322
0.324
0.324
0.324
0.324
0.324
0.324
0.322
0.325
0.321
0.319
0.319
0.325
0.323
0.325
0.325
0.325
0.323
0.322
0.321
0.322
0.322
0.322
0.322
0.325
0.322
0.325
0.322
0.322
0.322
0.323
0.323
0.323
0.323
0.323
0.323
0.321
0.324
0.324
0.328
0.328
0.328
0.326
0.324
0.321
0.321
0.321
0.321
0.324
0.326
0.326
0.324
0.324
0.326
0.326
0.33
0.331
0.331
0.331
0.331
0.338
0.331
0.339
0.339
0.336
0.335
0.335
0.33
0.327
0.327
0.326
0.325
0.325
0.326
0.326
0.329
0.333
0.333
0.334
0.333
0.333
0.337
0.337
0.337
0.337
0.34
0.34
0.34
0.34
0.34
0.342
0.343
0.343
0.344
0.344
0.345
0.345
0.344
0.344
0.346
0.346
0.346
0.346
0.346
0.35
0.35
0.353
0.354
0.354
0.354
0.354
0.353
0.353
0.355
0.357
0.357
0.358
0.358
0.361
0.358
0.361
0.362
0.364
0.368
0.368
0.369
0.372
0.371
0.372
0.372
0.374
0.375
0.375
0.375
0.382
0.381
0.382
0.382
0.381
0.369
0.366
0.361
0.357
0.356
0.356
0.356
0.35
0.349
0.349
0.347
0.339
0.338
0.334
0.334
0.331
0.33
0.322
0.322
0.317
0.316
0.31
0.316
0.31
0.31
0.31
0.31
0.31
0.31
0.308
0.301
0.299
0.299
0.299
0.298
0.297
0.297
0.297
0.293
0.291
0.291
0.288
0.283
0.282
0.279
0.279
0.279
0.279
0.273
0.273
0.273
0.272
0.272
0.275
0.272
0.262
0.262
0.26
0.26
0.262
0.262
0.26
0.261
0.256
0.256
0.256
0.25
0.248
0.248
0.25
0.247
0.247
0.247
0.24
0.24
0.241
0.241
0.241
0.241
0.242
0.236
0.242
0.235
0.235
0.235
0.235
0.233
0.233
0.235
0.235
0.238
0.238
0.235
0.229
0.229
0.228
0.226
0.228
0.237
0.225
0.224
0.228
0.224
0.224
0.226
0.226
0.225
0.225
0.225
0.22
0.218
0.22
0.22
0.218
0.218
0.219
0.219
0.22
0.22
0.22
0.22
0.22
0.214
0.213
0.213
0.213
0.211
0.214
0.214
0.212
0.211
0.212
0.209
0.212
0.214
0.214
0.214
0.214
0.207
0.206
0.206
0.207
0.211
0.211
0.213
0.211
0.211
0.212
0.212
0.21
0.21
0.209
0.204
0.199
0.199
0.197
0.199
0.202
0.203
0.203
0.205
0.205
0.205
0.205
0.201
0.201
0.2
0.2
0.2
0.203
0.205
0.205
0.205
0.205
0.205
0.205
0.203
0.201
0.2
0.201
0.2
0.2
0.195
0.2
0.2
0.201
0.201
0.201
0.196
0.196
0.193
0.191
0.193
0.198
0.193
0.192
0.192
0.192
0.192
0.195
0.197
0.198
0.198
0.198
0.198
0.198
0.196
0.202
0.202
0.2
0.196
0.198
0.195
0.194
0.194
0.198
0.199
0.201
0.201
0.201
0.2
0.199
0.199
0.199
0.2
0.199
0.199
0.197
0.196
0.196
0.196
0.194
0.194
0.2
0.196
0.192
0.196
0.196
0.196
0.194
0.195
0.194
0.194
0.194
0.192
0.189
0.192
0.192
0.195
0.199
0.199
0.199
0.2
0.2
0.2
0.2
0.2
0.2
0.196
0.195
0.196
0.199
0.199
0.199
0.201
0.201
0.201
0.201
0.201
0.202
0.202
0.202
0.205
0.205
0.205
0.207
0.204
0.199
0.199
0.206
0.198
0.198
0.204
0.204
0.199
0.202
0.202
0.202
0.202
0.202
0.202
0.205
0.207
0.207
0.207
0.207
0.206
0.206
0.205
0.205
0.207
0.208
0.207
0.207
0.207
0.207
0.206
0.204
0.204
0.207
0.204
0.204
0.206
0.206
0.206
0.206
0.206
0.206
0.206
0.199
0.199
0.199
0.199
0.199
0.202
0.204
0.211
0.212
0.212
0.212
0.201
0.201
0.201
0.216
0.216
0.219
0.219
0.219
0.22
0.221
0.221
0.221
0.221
0.221
0.221
0.221
0.225
0.227
0.23
0.231
0.231
0.229
0.231
0.229
0.229
0.229
0.231
0.229
0.231
0.231
0.231
0.231
0.231
0.228
0.228
0.233
0.235
0.239
0.242
0.242
0.242
0.237
0.228
0.228
0.228
0.236
0.239
0.239
0.236
0.236
0.242
0.242
0.245
0.245
0.254
0.254
0.248
0.248
0.252
0.252
0.253
0.253
0.253
0.254
0.259
0.259
0.26
0.26
0.26
0.263
0.263
0.266
0.266
0.266
0.266
0.267
0.271
0.271
0.274
0.275
0.277
0.279
0.279
0.279
0.281
0.276
0.276
0.281
0.281
0.278
0.278
0.277
0.277
0.276
0.276
0.28
0.28
0.28
0.28
0.279
0.273
0.273
0.273
0.272
0.272
0.272
0.272
0.272
0.269
0.262
0.259
0.258
0.258
0.258
0.256
0.258
0.258
0.256
0.255
0.252
0.248
0.248
0.243
0.243
0.248
0.249
0.249
0.249
0.247
0.247
0.243
0.239
0.239
0.24
0.24
0.24
0.242
0.242
0.242
0.238
0.237
0.234
0.232
0.229
0.229
0.229
0.229
0.228
0.228
0.228
0.23
0.23
0.23
0.226
0.226
0.226
0.227
0.227
0.227
0.221
0.221
0.221
0.221
0.221
0.221
0.221
0.22
0.213
0.213
0.213
0.222
0.222
0.222
0.221
0.221
0.215
0.215
0.215
0.215
0.215
0.215
0.213
0.212
0.212
0.212
0.212
0.211
0.21
0.21
0.21
0.21
0.21
0.21
0.207
0.207
0.203
0.203
0.202
0.202
0.207
0.207
0.207
0.207
0.206
0.206
0.203
0.203
0.206
0.203
0.206
0.206
0.205
0.199
0.198
0.198
0.2
0.2
0.2
0.2
0.2
0.198
0.198
0.204
0.204
0.203
0.203
0.2
0.2
0.2
0.2
0.198
