0.952
0.963
0.97
0.976
0.983
0.988
0.995
0.998
0.998
1.002
1.008
1.019
1.029
1.031
1.031
1.04
1.042
1.042
1.042
1.054
1.055
1.057
1.065
1.077
1.084
1.087
1.091
1.098
1.098
1.1
1.112
1.114
1.127
1.128
1.133
1.14
1.146
1.156
1.159
1.159
1.171
1.179
1.179
1.201
1.218
1.226
1.23
1.232
1.241
1.247
1.248
1.248
1.249
1.27
1.28
1.291
1.296
1.311
1.311
1.321
1.321
1.311
1.302
1.258
1.109
0.569
0.514
0.496
0.478
0.474
0.472
0.472
0.472
0.472
0.472
0.472
0.47
0.47
0.469
0.468
0.468
0.466
0.465
0.458
0.458
0.458
0.46
0.464
0.464
0.46
0.454
0.454
0.454
0.454
0.454
0.454
0.453
0.453
0.452
0.449
0.448
0.445
0.448
0.447
0.448
0.448
0.448
0.447
0.444
0.444
0.441
0.439
0.439
0.442
0.441
0.441
0.441
0.441
0.441
0.436
0.435
0.435
0.435
0.434
0.434
0.434
0.434
0.433
0.433
0.433
0.43
0.43
0.43
0.428
0.428
0.43
0.428
0.433
0.433
0.43
0.43
0.43
0.429
0.428
0.428
0.428
0.423
0.422
0.423
0.423
0.427
0.427
0.427
0.427
0.427
0.427
0.427
0.428
0.428
0.427
0.426
0.426
0.426
0.423
0.416
0.423
0.42
0.418
0.42
0.42
0.42
0.422
0.422
0.416
0.416
0.416
0.416
0.416
0.425
0.425
0.425
0.425
0.425
0.425
0.425
0.422
0.425
0.425
0.422
0.422
0.422
0.419
0.422
0.422
0.421
0.42
0.421
0.421
0.426
0.426
0.426
0.422
0.422
0.422
0.423
0.425
0.425
0.425
0.425
0.425
0.426
0.426
0.426
0.425
0.425
0.425
0.422
0.428
0.428
0.428
0.428
0.428
0.426
0.427
0.426
0.426
0.427
0.429
0.434
0.434
0.433
0.43
0.432
0.432
0.432
0.432
0.432
0.43
0.43
0.435
0.435
0.435
0.44
0.44
0.439
0.439
0.438
0.438
0.438
0.437
0.437
0.439
0.439
0.439
0.443
0.443
0.443
0.443
0.442
0.442
0.442
0.442
0.442
0.444
0.445
0.442
0.446
0.452
0.452
0.452
0.452
0.45
0.45
0.45
0.451
0.452
0.453
0.457
0.457
0.457
0.457
0.457
0.458
0.462
0.463
0.463
0.463
0.466
0.466
0.466
0.466
0.461
0.461
0.469
0.472
0.472
0.475
0.476
0.476
0.476
0.483
0.476
0.483
0.483
0.486
0.488
0.488
0.487
0.488
0.492
0.492
0.494
0.494
0.494
0.494
0.494
0.498
0.499
0.505
0.505
0.505
0.505
0.51
0.512
0.512
0.513
0.513
0.517
0.517
0.519
0.519
0.519
0.525
0.527
0.529
0.535
0.535
0.538
0.538
0.538
0.531
0.528
0.527
0.522
0.514
0.506
0.504
0.504
0.502
0.504
0.502
0.496
0.493
0.493
0.493
0.49
0.484
0.478
0.478
0.477
0.47
0.47
0.469
0.469
0.464
0.462
0.461
0.461
0.461
0.454
0.454
0.454
0.452
0.45
0.447
0.447
0.444
0.444
0.438
0.436
0.436
0.436
0.43
0.43
0.43
0.43
0.425
0.423
0.419
0.419
0.419
0.418
0.418
0.418
0.414
0.41
0.413
0.41
0.407
0.405
0.405
0.4
0.4
0.4
0.4
0.398
0.397
0.394
0.394
0.394
0.393
0.392
0.391
0.388
0.383
0.382
0.383
0.382
0.383
0.384
0.384
0.382
0.367
0.365
0.365
0.367
0.366
0.372
0.372
0.366
0.366
0.366
0.366
0.366
0.361
0.364
0.358
0.357
0.358
0.358
0.358
0.355
0.356
0.355
0.352
0.352
0.35
0.35
0.347
0.347
0.347
0.347
0.346
0.345
0.344
0.344
0.344
0.342
0.341
0.344
0.344
0.345
0.35
0.35
0.346
0.345
0.346
0.342
0.342
0.342
0.338
0.338
0.342
0.338
0.337
0.335
0.333
0.331
0.331
0.331
0.331
0.333
0.339
0.333
0.333
0.333
0.331
0.331
0.331
0.331
0.331
0.331
0.329
0.328
0.328
0.329
0.329
0.328
0.324
0.324
0.322
0.322
0.324
0.324
0.322
0.324
0.32
0.319
0.32
0.32
0.32
0.32
0.32
0.319
0.318
0.317
0.318
0.318
0.319
0.319
0.319
0.318
0.318
0.317
0.313
0.315
0.317
0.316
0.315
0.316
0.316
0.316
0.318
0.318
0.316
0.316
0.316
0.315
0.315
0.318
0.323
0.323
0.323
0.32
0.32
0.32
0.32
0.32
0.32
0.32
0.317
0.317
0.317
0.32
0.321
0.322
0.321
0.32
0.321
0.323
0.312
0.317
0.323
0.317
0.317
0.319
0.319
0.312
0.319
0.312
0.312
0.313
0.313
0.313
0.315
0.318
0.318
0.318
0.318
0.321
0.321
0.321
0.321
0.321
0.32
0.32
0.32
0.321
0.32
0.321
0.315
0.322
0.32
0.322
0.32
0.322
0.323
0.323
0.324
0.326
0.329
0.329
0.328
0.328
0.326
0.326
0.326
0.326
0.326
0.324
0.324
0.324
0.324
0.326
0.326
0.332
0.332
0.333
0.334
0.334
0.333
0.334
0.34
0.34
0.34
0.34
0.337
0.337
0.336
0.336
0.336
0.336
0.336
0.336
0.336
0.338
0.348
0.348
0.348
0.347
0.347
0.346
0.347
0.349
0.349
0.346
0.345
0.345
0.345
0.349
0.349
0.358
0.349
0.351
0.351
0.357
0.357
0.357
0.357
0.356
0.356
0.356
0.356
0.357
0.358
0.365
0.365
0.365
0.363
0.363
0.363
0.367
0.367
0.371
0.372
0.373
0.373
0.373
0.372
0.372
0.372
0.372
0.379
0.379
0.382
0.382
0.382
0.385
0.385
0.385
0.385
0.391
0.393
0.395
0.397
0.395
0.401
0.401
0.401
0.401
0.407
0.408
0.411
0.411
0.411
0.408
0.408
0.408
0.412
0.413
0.414
0.414
0.418
0.42
0.42
0.423
0.424
0.424
0.434
0.436
0.438
0.438
0.441
0.441
0.442
0.449
0.452
0.455
0.455
0.455
0.447
0.446
0.443
0.44
0.441
0.438
0.435
0.434
0.428
0.428
0.424
0.424
0.427
0.427
0.424
0.422
0.418
0.418
0.418
0.417
0.409
0.409
0.406
0.406
0.406
0.406
0.406
0.406
0.405
0.401
0.397
0.395
0.395
0.395
0.392
0.391
0.388
0.388
0.387
0.387
0.383
0.38
0.376
0.375
0.375
0.375
0.375
0.372
0.376
0.376
0.376
0.376
0.376
0.376
0.375
0.37
0.365
0.364
0.362
0.362
0.362
0.359
0.359
0.352
0.352
0.352
0.35
0.35
0.35
0.35
0.35
0.353
0.351
0.353
0.353
0.353
0.353
0.353
0.35
0.346
0.346
0.345
0.341
0.341
0.341
0.338
0.336
0.336
0.336
0.336
0.337
0.34
0.34
0.337
0.337
0.34
0.335
0.335
0.335
0.334
0.333
0.333
0.334
0.33
0.33
0.332
0.328
0.328
0.328
0.33
0.33
0.331
0.331
0.331
0.332
0.332
0.328
0.325
0.325
0.325
0.322
0.325
0.32
0.318
0.317
0.317
0.316
0.316
0.317
0.321
0.322
0.322
0.322
0.321
0.321
0.321
0.322
0.322
0.322
0.322
0.318
0.318
0.318
0.319
0.319
0.32
0.32
0.319
0.313
0.312
0.312
0.311
0.311
0.311
0.311
0.31
0.311
0.311
0.313
0.313
0.313
0.311
0.311
0.311
0.315
0.317
0.317
0.317
0.317
0.317
0.317
0.317
0.313
0.317
0.316
0.315
0.316
0.317
0.316
0.317
0.317
0.321
0.319
0.321
0.322
0.322
0.319
0.318
0.316
0.313
0.311
0.311
0.311
0.311
0.313
0.315
0.315
0.315
0.321
0.321
0.321
0.321
0.313
0.313
0.311
0.313
0.313
0.319
0.321
0.321
0.315
0.321
0.318
0.318
0.321
0.321
0.318
0.32
0.32
0.32
0.32
0.32
0.32
0.316
0.316
0.317
0.317
0.317
0.318
0.317
0.318
0.327
0.327
0.324
0.324
0.324
0.324
0.324
0.325
0.327
0.325
0.324
0.324
0.324
0.324
0.327
0.327
0.327
0.33
0.33
0.325
0.328
0.328
0.328
0.328
0.328
0.33
0.331
0.331
0.332
0.337
0.337
0.337
0.338
0.338
0.338
0.338
0.341
0.341
0.346
0.348
0.349
0.349
0.348
0.341
0.341
0.341
0.349
0.349
0.349
0.347
0.347
0.345
0.347
0.349
0.352
0.352
0.352
0.352
0.352
0.352
0.354
0.359
0.364
0.364
0.366
0.364
0.364
0.364
0.363
0.363
0.367
0.367
0.367
0.367
0.369
0.367
0.367
0.369
0.373
0.369
0.375
0.37
0.378
0.374
0.374
0.374
0.374
0.374
0.379
0.382
0.386
0.389
0.39
0.39
0.391
0.392
0.398
0.399
0.401
0.401
0.399
0.399
0.399
0.399
0.403
0.409
0.41
0.41
0.413
0.414
0.414
0.414
0.415
0.417
0.417
0.417
0.417
0.417
0.415
